1	1	45.00	10.00	6.00	4.00	2	3	-1	38.00	130.00	315.00	191.00	14.00	-1701	0	2617	2625		605.00	762.00	687.00	844.00	656.34	874.66	1601
1	2	45.00	10.00	6.00	4.00	2	1	-1	45.00	92.00	304.00	214.00	14.00	-1767	0	1851	1859		605.00	318.00	687.00	236.00	636.16	185.16	834
1	3	40.00	10.00	6.00	4.00	1	1	-1	40.00	178.00	332.00	196.00	14.00	-1634	0	1809	1817		601.00	315.00	691.00	239.00	680.36	226.40	792
1	4	50.00	10.00	6.00	4.00	2	1	1	50.00	168.00	277.00	244.00	14.00	-1684	0	1867	1876		608.00	322.00	684.00	232.00	592.91	155.08	850
1	5	40.00	10.00	6.00	4.00	2	4	1	11.00	158.00	356.00	220.00	10.00	-1684	0	1851	1859		1229.00	690.00	1139.00	766.00	1257.90	906.80	834
1	6	40.00	10.00	6.00	4.00	2	1	-1	40.00	150.00	342.00	247.00	6.00	-1717	0	1675	1684		781.00	465.00	871.00	389.00	804.32	310.04	659
1	7	50.00	10.00	6.00	4.00	2	4	1	80.00	143.00	349.00	230.00	10.00	-1617	0	1809	1817		1222.00	683.00	1146.00	773.00	1222.34	837.47	792
1	8	50.00	10.00	6.00	4.00	1	2	-1	73.00	130.00	326.00	231.00	14.00	-1717	0	1892	1901		1312.00	322.00	1236.00	232.00	1300.70	177.37	875
1	9	40.00	10.00	6.00	4.00	2	1	1	40.00	170.00	360.00	254.00	10.00	-1634	0	1792	1801		691.00	390.00	781.00	314.00	698.62	216.44	775
1	10	40.00	10.00	6.00	4.00	1	2	-1	84.00	140.00	339.00	267.00	6.00	-1667	0	1692	1701		1139.00	465.00	1049.00	389.00	1115.04	310.79	675
1	11	40.00	10.00	6.00	4.00	1	3	-1	44.00	119.00	320.00	183.00	6.00	-1776	0	1734	1742		781.00	615.00	871.00	691.00	863.90	699.40	717
1	12	50.00	10.00	6.00	4.00	2	1	1	50.00	95.00	323.00	265.00	10.00	-1817	0	1926	1934		698.00	397.00	774.00	307.00	657.30	208.45	909
1	13	45.00	10.00	6.00	4.00	1	3	-1	28.00	157.00	315.00	197.00	14.00	-1801	0	1934	1942		605.00	762.00	687.00	844.00	661.14	869.86	917
1	14	40.00	10.00	6.00	4.00	1	2	1	85.00	140.00	339.00	254.00	14.00	-1651	0	1826	1834		1319.00	315.00	1229.00	239.00	1276.24	183.06	809
1	15	45.00	10.00	6.00	4.00	1	4	1	52.00	102.00	331.00	225.00	6.00	-1742	0	1784	1792		1135.00	612.00	1053.00	694.00	1092.61	733.61	767
1	16	45.00	10.00	6.00	4.00	1	1	-1	45.00	171.00	311.00	260.00	10.00	-1767	0	1826	1834		695.00	393.00	777.00	311.00	760.12	294.12	809
1	17	40.00	10.00	6.00	4.00	1	3	-1	89.00	170.00	320.00	211.00	10.00	-1626	0	1767	1776		691.00	690.00	781.00	766.00	778.38	769.10	750
1	18	40.00	10.00	6.00	4.00	2	4	-1	65.00	166.00	305.00	220.00	14.00	-1667	0	2067	2076		1319.00	765.00	1229.00	841.00	1283.84	905.95	1050
1	19	40.00	10.00	6.00	4.00	2	1	-1	40.00	120.00	348.00	183.00	10.00	-1792	0	1967	1976		691.00	390.00	781.00	314.00	699.58	217.58	950
1	20	40.00	10.00	6.00	4.00	1	1	1	40.00	105.00	311.00	206.00	10.00	-1767	0	1801	1809		691.00	390.00	781.00	314.00	755.32	283.58	784
1	21	45.00	10.00	6.00	4.00	2	3	1	46.00	144.00	315.00	207.00	14.00	-1709	0	1859	1867		605.00	762.00	687.00	844.00	670.75	860.25	842
1	22	45.00	10.00	6.00	4.00	2	2	-1	26.00	135.00	324.00	190.00	10.00	-1734	0	2484	2492		1225.00	393.00	1143.00	311.00	1229.01	224.99	1467
1	23	40.00	10.00	6.00	4.00	2	3	1	18.00	165.00	320.00	263.00	14.00	-1801	0	1917	1926		601.00	765.00	691.00	841.00	675.56	859.29	900
1	24	50.00	10.00	6.00	4.00	1	4	1	83.00	128.00	337.00	230.00	6.00	-1751	0	1817	1826		1132.00	608.00	1056.00	698.00	1094.53	730.54	800
1	25	45.00	10.00	6.00	4.00	2	3	-1	48.00	106.00	315.00	181.00	6.00	-1734	0	1909	1917		785.00	612.00	867.00	694.00	833.15	727.85	892
1	26	50.00	10.00	6.00	4.00	1	1	1	50.00	161.00	286.00	195.00	6.00	-1792	0	1767	1776		788.00	472.00	864.00	382.00	810.09	336.48	750
1	27	40.00	10.00	6.00	4.00	2	3	-1	39.00	169.00	320.00	232.00	10.00	-1742	0	1809	1817		691.00	690.00	781.00	766.00	751.47	800.97	792
1	28	40.00	10.00	6.00	4.00	1	4	-1	9.00	150.00	348.00	220.00	6.00	-1759	0	1817	1825		1139.00	615.00	1049.00	691.00	1113.75	767.68	800
1	29	45.00	10.00	6.00	4.00	2	3	1	12.00	172.00	315.00	224.00	6.00	-1767	0	1859	1867		785.00	612.00	867.00	694.00	827.39	733.61	842
1	30	50.00	10.00	6.00	4.00	2	3	1	53.00	127.00	310.00	270.00	10.00	-1684	0	1901	1909		698.00	683.00	774.00	773.00	758.20	786.34	884
1	31	50.00	10.00	6.00	4.00	1	3	1	47.00	131.00	310.00	203.00	6.00	-1651	0	1809	1817		788.00	608.00	864.00	698.00	811.05	742.71	792
1	32	50.00	10.00	6.00	4.00	2	1	-1	50.00	150.00	316.00	219.00	14.00	-1692	0	1809	1817		608.00	322.00	684.00	232.00	650.57	203.77	792
1	33	50.00	10.00	6.00	4.00	2	3	-1	74.00	162.00	310.00	236.00	14.00	-1684	0	1984	1992		608.00	758.00	684.00	848.00	689.01	843.77	967
1	34	45.00	10.00	6.00	4.00	2	4	-1	59.00	96.00	338.00	225.00	14.00	-1642	0	1992	2001		1315.00	762.00	1233.00	844.00	1242.52	853.52	975
1	35	40.00	10.00	6.00	4.00	2	1	1	40.00	106.00	302.00	253.00	14.00	-1684	0	1826	1834		601.00	315.00	691.00	239.00	677.48	222.99	809
1	36	50.00	10.00	6.00	4.00	1	2	-1	25.00	130.00	348.00	213.00	6.00	-1717	0	1717	1725		1132.00	472.00	1056.00	382.00	1143.89	307.78	700
1	37	45.00	10.00	6.00	4.00	2	2	-1	78.00	135.00	312.00	234.00	14.00	-1709	0	2017	2026		1315.00	318.00	1233.00	236.00	1296.79	172.21	1000
1	38	50.00	10.00	6.00	4.00	2	4	1	51.00	94.00	277.00	230.00	6.00	-1651	0	1834	1842		1132.00	608.00	1056.00	698.00	1149.31	776.79	817
1	39	50.00	10.00	6.00	4.00	1	4	-1	32.00	107.00	352.00	230.00	6.00	-1667	0	1801	1809		1132.00	608.00	1056.00	698.00	1076.28	715.12	784
1	40	40.00	10.00	6.00	4.00	2	2	1	36.00	140.00	278.00	204.00	10.00	-1792	0	2009	2017		1229.00	390.00	1139.00	314.00	1235.65	199.54	992
1	41	45.00	10.00	6.00	4.00	1	3	1	11.00	167.00	315.00	205.00	14.00	-1717	0	2217	2226		605.00	762.00	687.00	844.00	719.76	811.24	1200
1	42	45.00	10.00	6.00	4.00	1	1	-1	45.00	110.00	349.00	188.00	14.00	-1759	0	1901	1909		605.00	318.00	687.00	236.00	687.09	236.09	884
1	43	45.00	10.00	6.00	4.00	1	3	-1	58.00	121.00	315.00	201.00	10.00	-1792	0	1976	1984		695.00	687.00	777.00	769.00	713.03	832.97	959
1	44	45.00	10.00	6.00	4.00	2	4	-1	47.00	116.00	334.00	225.00	6.00	-1776	0	1926	1934		1135.00	612.00	1053.00	694.00	1185.83	826.83	909
1	45	50.00	10.00	6.00	4.00	1	4	1	62.00	132.00	279.00	230.00	10.00	-1626	0	1817	1826		1222.00	683.00	1146.00	773.00	1160.84	785.53	800
1	46	50.00	10.00	6.00	4.00	1	2	1	46.00	130.00	311.00	183.00	6.00	-1642	0	1701	1709		1132.00	472.00	1056.00	382.00	1109.31	336.99	684
1	47	40.00	10.00	6.00	4.00	2	3	-1	0.00	142.00	320.00	251.00	14.00	-1651	0	1817	1826		601.00	765.00	691.00	841.00	663.06	874.08	800
1	48	45.00	10.00	6.00	4.00	1	4	-1	8.00	147.00	306.00	225.00	10.00	-1776	0	1742	1751		1225.00	687.00	1143.00	769.00	1160.84	786.84	725
1	49	45.00	10.00	6.00	4.00	1	1	-1	45.00	169.00	311.00	270.00	6.00	-1701	0	1742	1750		785.00	468.00	867.00	386.00	798.56	317.56	725
1	50	50.00	10.00	6.00	4.00	1	1	-1	50.00	137.00	289.00	240.00	10.00	-1626	0	1892	1901		698.00	397.00	774.00	307.00	756.28	292.03	875
1	51	50.00	10.00	6.00	4.00	2	4	-1	47.00	166.00	297.00	230.00	14.00	-1709	0	2101	2109		1312.00	758.00	1236.00	848.00	1292.49	895.70	1084
1	52	50.00	10.00	6.00	4.00	2	2	-1	22.00	130.00	310.00	193.00	10.00	-1659	0	1926	1934		1222.00	397.00	1146.00	307.00	1273.56	199.28	909
1	53	50.00	10.00	6.00	4.00	2	2	-1	55.00	130.00	343.00	261.00	14.00	-1742	0	1917	1926		1312.00	322.00	1236.00	232.00	1274.23	199.71	900
1	54	45.00	10.00	6.00	4.00	2	2	-1	6.00	135.00	291.00	188.00	6.00	-1801	0	2126	2134		1135.00	468.00	1053.00	386.00	1078.91	360.09	1109
1	55	45.00	10.00	6.00	4.00	1	2	1	76.00	135.00	357.00	213.00	14.00	-1659	0	2159	2167		1315.00	318.00	1233.00	236.00	1286.60	182.40	1142
1	56	50.00	10.00	6.00	4.00	2	1	-1	50.00	166.00	349.00	188.00	6.00	-1701	0	1809	1817		788.00	472.00	864.00	382.00	701.50	244.78	792
1	57	50.00	10.00	6.00	4.00	1	2	1	67.00	130.00	308.00	205.00	10.00	-1659	0	1859	1867		1222.00	397.00	1146.00	307.00	1246.05	222.51	842
1	58	40.00	10.00	6.00	4.00	1	1	1	40.00	169.00	303.00	205.00	6.00	-1809	0	2276	2284		781.00	465.00	871.00	389.00	847.57	361.25	1259
1	59	40.00	10.00	6.00	4.00	1	2	1	34.00	140.00	312.00	264.00	10.00	-1709	0	1901	1909		1229.00	390.00	1139.00	314.00	1128.06	326.96	884
1	60	45.00	10.00	6.00	4.00	2	1	-1	45.00	172.00	319.00	270.00	6.00	-1676	0	1776	1784		785.00	468.00	867.00	386.00	745.71	264.71	759
1	61	45.00	10.00	6.00	4.00	1	4	-1	64.00	152.00	304.00	225.00	14.00	-1634	0	1934	1942		1315.00	762.00	1233.00	844.00	1239.64	850.64	917
1	62	45.00	10.00	6.00	4.00	1	2	-1	42.00	135.00	344.00	185.00	6.00	-1651	0	2101	2109		1135.00	468.00	1053.00	386.00	1085.62	353.38	1084
1	63	50.00	10.00	6.00	4.00	2	4	-1	89.00	104.00	318.00	230.00	6.00	-1751	0	1926	1934		1132.00	608.00	1056.00	698.00	1213.69	831.16	909
1	64	45.00	10.00	6.00	4.00	1	4	-1	54.00	168.00	279.00	225.00	6.00	-1617	0	1892	1901		1135.00	612.00	1053.00	694.00	1085.89	726.89	875
1	65	45.00	10.00	6.00	4.00	2	2	1	5.00	135.00	354.00	264.00	14.00	-1776	0	1884	1892		1315.00	318.00	1233.00	236.00	1229.02	239.98	867
1	66	45.00	10.00	6.00	4.00	2	1	-1	45.00	130.00	302.00	194.00	10.00	-1634	0	1876	1884		695.00	393.00	777.00	311.00	703.42	237.42	859
1	67	45.00	10.00	6.00	4.00	1	2	-1	5.00	135.00	275.00	192.00	10.00	-1642	0	1842	1851		1225.00	393.00	1143.00	311.00	1187.47	266.53	825
1	68	40.00	10.00	6.00	4.00	1	4	1	15.00	177.00	356.00	220.00	6.00	-1809	0	2001	2009		1139.00	615.00	1049.00	691.00	1078.20	725.58	984
1	69	50.00	10.00	6.00	4.00	1	2	1	61.00	130.00	344.00	249.00	14.00	-1651	0	1867	1876		1312.00	322.00	1236.00	232.00	1306.76	172.25	850
1	70	40.00	10.00	6.00	4.00	2	2	-1	81.00	140.00	288.00	196.00	6.00	-1626	0	1901	1909		1139.00	465.00	1049.00	389.00	1141.79	279.12	884
1	71	50.00	10.00	6.00	4.00	2	2	1	69.00	130.00	333.00	228.00	10.00	-1767	0	1784	1792		1222.00	397.00	1146.00	307.00	1211.95	251.31	767
1	72	45.00	10.00	6.00	4.00	1	2	1	24.00	135.00	280.00	249.00	10.00	-1767	0	1817	1826		1225.00	393.00	1143.00	311.00	1178.57	275.43	800
1	73	50.00	10.00	6.00	4.00	2	4	-1	26.00	106.00	315.00	230.00	10.00	-1684	0	1917	1926		1222.00	683.00	1146.00	773.00	1252.13	862.62	900
1	74	45.00	10.00	6.00	4.00	2	4	1	58.00	104.00	283.00	225.00	14.00	-1751	0	1976	1984		1315.00	762.00	1233.00	844.00	1306.91	917.91	959
1	75	45.00	10.00	6.00	4.00	2	1	1	45.00	132.00	350.00	241.00	10.00	-1659	0	1901	1909		695.00	393.00	777.00	311.00	674.59	208.59	884
1	76	40.00	10.00	6.00	4.00	1	4	1	62.00	139.00	339.00	220.00	10.00	-1817	0	2092	2101		1229.00	690.00	1139.00	766.00	1157.96	788.45	1075
1	77	50.00	10.00	6.00	4.00	1	1	1	50.00	149.00	325.00	182.00	10.00	-1776	0	2376	2384		698.00	397.00	774.00	307.00	738.02	276.62	1359
1	78	45.00	10.00	6.00	4.00	2	3	-1	87.00	117.00	315.00	190.00	10.00	-1667	0	2017	2026		695.00	687.00	777.00	769.00	688.05	857.95	1000
1	79	40.00	10.00	6.00	4.00	1	4	1	33.00	110.00	276.00	220.00	14.00	-1676	0	2151	2159		1319.00	765.00	1229.00	841.00	1253.09	869.53	1134
1	80	40.00	10.00	6.00	4.00	2	2	-1	20.00	140.00	290.00	181.00	14.00	-1801	0	2001	2009		1319.00	315.00	1229.00	239.00	1317.71	133.95	984
1	81	45.00	10.00	6.00	4.00	1	1	1	45.00	154.00	308.00	229.00	6.00	-1742	0	1901	1909		785.00	468.00	867.00	386.00	854.29	373.29	884
1	82	45.00	10.00	6.00	4.00	2	2	1	6.00	135.00	291.00	249.00	6.00	-1659	0	2209	2217		1135.00	468.00	1053.00	386.00	1067.40	371.60	1192
1	83	40.00	10.00	6.00	4.00	2	2	-1	60.00	140.00	272.00	257.00	10.00	-1659	0	2001	2009		1229.00	390.00	1139.00	314.00	1176.52	269.57	984
1	84	40.00	10.00	6.00	4.00	1	1	-1	40.00	141.00	352.00	196.00	10.00	-1784	0	1909	1917		691.00	390.00	781.00	314.00	779.34	312.03	892
1	85	50.00	10.00	6.00	4.00	1	3	1	72.00	177.00	310.00	269.00	10.00	-1617	0	2001	2009		698.00	683.00	774.00	773.00	793.75	756.32	984
1	86	50.00	10.00	6.00	4.00	1	3	-1	59.00	115.00	310.00	185.00	14.00	-1684	0	1801	1809		608.00	758.00	684.00	848.00	666.91	862.43	784
1	87	45.00	10.00	6.00	4.00	2	3	1	89.00	91.00	315.00	201.00	10.00	-1734	0	1884	1892		695.00	687.00	777.00	769.00	743.78	802.22	867
1	88	50.00	10.00	6.00	4.00	1	1	-1	50.00	121.00	329.00	202.00	6.00	-1792	0	1751	1759		788.00	472.00	864.00	382.00	820.66	345.40	734
1	89	45.00	10.00	6.00	4.00	2	4	1	76.00	127.00	300.00	225.00	10.00	-1792	0	1826	1834		1225.00	687.00	1143.00	769.00	1202.16	828.16	809
1	90	40.00	10.00	6.00	4.00	2	4	-1	24.00	92.00	329.00	220.00	10.00	-1784	0	1792	1801		1229.00	690.00	1139.00	766.00	1185.83	821.45	775
1	91	40.00	10.00	6.00	4.00	2	2	1	85.00	140.00	307.00	207.00	14.00	-1784	0	1876	1884		1319.00	315.00	1229.00	239.00	1265.87	195.34	859
1	92	45.00	10.00	6.00	4.00	1	4	1	48.00	169.00	283.00	225.00	14.00	-1742	0	2176	2184		1315.00	762.00	1233.00	844.00	1292.49	903.49	1159
1	93	45.00	10.00	6.00	4.00	1	2	1	58.00	135.00	341.00	201.00	6.00	-1709	0	1734	1742		1135.00	468.00	1053.00	386.00	1112.47	326.53	717
1	94	45.00	10.00	6.00	4.00	1	1	1	45.00	144.00	297.00	182.00	10.00	-1701	0	1792	1801		695.00	393.00	777.00	311.00	753.39	287.39	775
1	95	40.00	10.00	6.00	4.00	1	3	1	1.00	165.00	320.00	195.00	10.00	-1751	0	2009	2017		691.00	690.00	781.00	766.00	785.11	761.14	992
1	96	50.00	10.00	6.00	4.00	2	1	-1	50.00	136.00	322.00	269.00	10.00	-1709	0	1934	1942		698.00	397.00	774.00	307.00	725.53	266.07	917
1	97	50.00	10.00	6.00	4.00	2	1	1	50.00	142.00	287.00	253.00	6.00	-1784	0	2076	2084		788.00	472.00	864.00	382.00	826.43	350.27	1059
1	98	40.00	10.00	6.00	4.00	1	1	-1	40.00	151.00	314.00	204.00	6.00	-1626	0	2026	2034		781.00	465.00	871.00	389.00	845.65	358.98	1009
1	99	50.00	10.00	6.00	4.00	1	2	-1	50.00	130.00	334.00	261.00	10.00	-1809	0	1959	1967		1222.00	397.00	1146.00	307.00	1157.49	297.30	942
1	100	40.00	10.00	6.00	4.00	2	4	-1	47.00	106.00	295.00	220.00	6.00	-1751	0	1892	1901		1139.00	615.00	1049.00	691.00	1142.58	801.82	875
1	101	50.00	10.00	6.00	4.00	2	4	1	29.00	113.00	357.00	230.00	14.00	-1759	0	2076	2084		1312.00	758.00	1236.00	848.00	1262.70	870.55	1059
1	102	45.00	10.00	6.00	4.00	1	4	1	78.00	134.00	307.00	225.00	10.00	-1784	0	2226	2234		1225.00	687.00	1143.00	769.00	1223.30	849.30	1209
1	103	45.00	10.00	6.00	4.00	2	1	1	45.00	131.00	313.00	200.00	6.00	-1642	0	2101	2109		785.00	468.00	867.00	386.00	774.53	293.53	1084
1	104	40.00	10.00	6.00	4.00	1	3	1	58.00	122.00	320.00	247.00	14.00	-1651	0	1834	1842		601.00	765.00	691.00	841.00	688.05	844.50	817
1	105	40.00	10.00	6.00	4.00	2	4	1	88.00	170.00	323.00	220.00	14.00	-1659	0	1917	1926		1319.00	765.00	1229.00	841.00	1263.66	882.05	900
1	106	50.00	10.00	6.00	4.00	2	2	1	84.00	130.00	285.00	247.00	14.00	-1726	0	2176	2184		1312.00	322.00	1236.00	232.00	1344.80	140.13	1159
1	107	45.00	10.00	6.00	4.00	1	1	1	45.00	128.00	308.00	191.00	14.00	-1717	0	2026	2034		605.00	318.00	687.00	236.00	614.05	163.05	1009
1	108	40.00	10.00	6.00	4.00	2	1	1	40.00	146.00	288.00	224.00	6.00	-1742	0	1776	1784		781.00	465.00	871.00	389.00	731.29	223.56	759
1	109	40.00	10.00	6.00	4.00	2	4	1	23.00	157.00	338.00	220.00	6.00	-1742	0	1892	1901		1139.00	615.00	1049.00	691.00	1148.35	808.65	875
1	110	50.00	10.00	6.00	4.00	2	3	1	88.00	150.00	310.00	217.00	14.00	-1809	0	1859	1867		608.00	758.00	684.00	848.00	670.75	859.19	842
1	111	45.00	10.00	6.00	4.00	2	4	-1	72.00	111.00	335.00	225.00	10.00	-1742	0	1901	1909		1225.00	687.00	1143.00	769.00	1229.07	855.07	884
1	112	50.00	10.00	6.00	4.00	1	4	-1	27.00	131.00	347.00	230.00	14.00	-1817	0	2092	2101		1312.00	758.00	1236.00	848.00	1260.78	868.93	1075
1	113	40.00	10.00	6.00	4.00	1	3	1	86.00	177.00	320.00	248.00	6.00	-1751	0	1992	2001		781.00	615.00	871.00	691.00	849.49	716.47	975
1	114	50.00	10.00	6.00	4.00	1	4	1	31.00	134.00	303.00	230.00	14.00	-1776	0	2026	2034		1312.00	758.00	1236.00	848.00	1269.43	876.23	1009
1	115	45.00	10.00	6.00	4.00	1	3	1	41.00	111.00	315.00	256.00	6.00	-1742	0	1792	1801		785.00	612.00	867.00	694.00	837.00	724.00	775
1	116	40.00	10.00	6.00	4.00	1	2	-1	54.00	140.00	303.00	186.00	14.00	-1751	0	1826	1834		1319.00	315.00	1229.00	239.00	1260.21	202.04	809
1	117	50.00	10.00	6.00	4.00	1	3	-1	79.00	140.00	310.00	197.00	6.00	-1751	0	1901	1909		788.00	608.00	864.00	698.00	837.00	720.80	884
1	118	40.00	10.00	6.00	4.00	1	2	1	87.00	140.00	316.00	193.00	6.00	-1776	0	1784	1792		1139.00	465.00	1049.00	389.00	1122.57	301.88	767
1	119	40.00	10.00	6.00	4.00	2	3	1	20.00	157.00	320.00	266.00	6.00	-1651	0	1742	1750		781.00	615.00	871.00	691.00	778.38	800.68	725
1	120	45.00	10.00	6.00	4.00	1	2	-1	48.00	135.00	348.00	193.00	14.00	-1684	0	1959	1967		1315.00	318.00	1233.00	236.00	1294.75	174.25	942
1	121	40.00	10.00	6.00	4.00	2	3	-1	44.00	92.00	320.00	185.00	6.00	-1634	0	2101	2109		781.00	615.00	871.00	691.00	738.98	847.34	1084
1	122	45.00	10.00	6.00	4.00	1	3	-1	19.00	119.00	315.00	247.00	6.00	-1651	0	1792	1801		785.00	612.00	867.00	694.00	816.82	744.18	775
1	123	40.00	10.00	6.00	4.00	2	3	1	52.00	167.00	320.00	226.00	10.00	-1667	0	1792	1801		691.00	690.00	781.00	766.00	731.29	824.87	775
1	124	45.00	10.00	6.00	4.00	2	2	1	45.00	135.00	310.00	243.00	10.00	-1792	0	1776	1784		1225.00	393.00	1143.00	311.00	1230.49	223.51	759
1	125	40.00	10.00	6.00	4.00	1	3	-1	37.00	115.00	320.00	190.00	14.00	-1701	0	1826	1834		601.00	765.00	691.00	841.00	661.14	876.36	809
1	126	50.00	10.00	6.00	4.00	2	3	-1	81.00	101.00	310.00	191.00	10.00	-1759	0	1776	1784		698.00	683.00	774.00	773.00	717.84	820.43	759
1	127	50.00	10.00	6.00	4.00	2	3	-1	18.00	115.00	310.00	263.00	6.00	-1726	0	1784	1792		788.00	608.00	864.00	698.00	725.53	814.93	767
1	128	40.00	10.00	6.00	4.00	1	1	1	40.00	170.00	325.00	216.00	14.00	-1642	0	1826	1834		601.00	315.00	691.00	239.00	651.53	192.26	809
1	129	40.00	10.00	6.00	4.00	1	2	-1	72.00	140.00	322.00	237.00	10.00	-1617	0	1817	1826		1229.00	390.00	1139.00	314.00	1220.09	217.97	800
1	130	45.00	10.00	6.00	4.00	2	1	1	45.00	95.00	350.00	195.00	14.00	-1734	0	1934	1942		605.00	318.00	687.00	236.00	631.35	180.35	917
1	131	50.00	10.00	6.00	4.00	2	2	-1	4.00	130.00	311.00	260.00	6.00	-1626	0	2384	2392		1132.00	472.00	1056.00	382.00	1157.61	296.20	1367
1	132	50.00	10.00	6.00	4.00	2	2	1	46.00	130.00	355.00	237.00	6.00	-1751	0	1801	1809		1132.00	472.00	1056.00	382.00	1127.97	321.23	784
1	133	50.00	10.00	6.00	4.00	1	1	-1	50.00	100.00	358.00	219.00	14.00	-1642	0	1867	1876		608.00	322.00	684.00	232.00	718.80	261.39	850
1	134	40.00	10.00	6.00	4.00	1	4	-1	66.00	142.00	275.00	220.00	10.00	-1751	0	1767	1775		1229.00	690.00	1139.00	766.00	1151.23	780.48	750
1	135	50.00	10.00	6.00	4.00	1	4	-1	34.00	101.00	300.00	230.00	10.00	-1751	0	1792	1801		1222.00	683.00	1146.00	773.00	1190.63	810.69	775
1	136	50.00	10.00	6.00	4.00	1	3	-1	49.00	128.00	310.00	214.00	10.00	-1784	0	1759	1767		698.00	683.00	774.00	773.00	760.12	784.72	742
1	137	40.00	10.00	6.00	4.00	1	4	-1	8.00	166.00	320.00	220.00	14.00	-1809	0	2009	2017		1319.00	765.00	1229.00	841.00	1290.57	913.91	992
1	138	45.00	10.00	6.00	4.00	2	4	1	47.00	167.00	336.00	225.00	6.00	-1751	0	2167	2176		1135.00	612.00	1053.00	694.00	1116.64	757.64	1150
1	139	50.00	10.00	6.00	4.00	2	3	1	54.00	167.00	310.00	245.00	6.00	-1767	0	2126	2134		788.00	608.00	864.00	698.00	816.82	737.84	1109
1	140	45.00	10.00	6.00	4.00	1	3	1	34.00	109.00	315.00	219.00	10.00	-1651	0	1784	1792		695.00	687.00	777.00	769.00	786.07	759.93	767
1	141	40.00	10.00	6.00	4.00	2	2	1	64.00	140.00	345.00	225.00	6.00	-1734	0	1759	1767		1139.00	465.00	1049.00	389.00	1130.92	291.98	742
1	142	50.00	10.00	6.00	4.00	1	1	1	50.00	111.00	326.00	246.00	14.00	-1667	0	2176	2184		608.00	322.00	684.00	232.00	649.61	202.96	1159
1	143	50.00	10.00	6.00	4.00	1	3	1	9.00	163.00	310.00	230.00	14.00	-1651	0	1876	1884		608.00	758.00	684.00	848.00	663.06	865.68	859
1	144	40.00	10.00	6.00	4.00	2	1	-1	40.00	158.00	334.00	243.00	14.00	-1667	0	1851	1859		601.00	315.00	691.00	239.00	653.45	194.54	834
