1	1	45.00	10.00	6.00	4.00	2	3	-1	82.00	119.00	315.00	207.00	14.00	-1710	0	2850	2859		605.00	762.00	687.00	844.00	641.92	889.08	1834
1	2	40.00	10.00	6.00	4.00	2	1	-1	40.00	163.00	315.00	266.00	10.00	-1784	0	2126	2134		691.00	390.00	781.00	314.00	723.60	246.03	1109
1	3	45.00	10.00	6.00	4.00	1	3	1	26.00	117.00	315.00	211.00	6.00	-1626	0	2117	2126		785.00	612.00	867.00	694.00	881.20	679.80	1100
1	4	45.00	10.00	6.00	4.00	2	3	-1	76.00	140.00	315.00	243.00	6.00	-1776	0	2101	2109		785.00	612.00	867.00	694.00	805.29	755.71	1084
1	5	50.00	10.00	6.00	4.00	1	4	1	25.00	149.00	357.00	230.00	6.00	-1676	0	1901	1909		1132.00	608.00	1056.00	698.00	1090.69	727.29	884
1	6	45.00	10.00	6.00	4.00	2	2	1	66.00	135.00	324.00	268.00	14.00	-1784	0	2209	2217		1315.00	318.00	1233.00	236.00	1241.76	227.24	1192
1	7	40.00	10.00	6.00	4.00	2	3	1	34.00	130.00	320.00	199.00	14.00	-1717	0	2184	2192		601.00	765.00	691.00	841.00	674.59	860.43	1167
1	8	45.00	10.00	6.00	4.00	2	2	-1	46.00	135.00	273.00	251.00	10.00	-1667	0	2409	2417		1225.00	393.00	1143.00	311.00	1173.62	280.38	1392
1	9	50.00	10.00	6.00	4.00	1	3	-1	42.00	105.00	310.00	254.00	6.00	-1676	0	2076	2084		788.00	608.00	864.00	698.00	861.98	699.70	1059
1	10	40.00	10.00	6.00	4.00	2	1	-1	40.00	165.00	312.00	234.00	6.00	-1692	0	2117	2126		781.00	465.00	871.00	389.00	827.39	337.35	1100
1	11	40.00	10.00	6.00	4.00	2	1	1	40.00	137.00	350.00	256.00	14.00	-1742	0	1976	1984		601.00	315.00	691.00	239.00	691.89	240.06	959
1	12	40.00	10.00	6.00	4.00	2	1	1	40.00	159.00	301.00	208.00	6.00	-1701	0	1917	1926		781.00	465.00	871.00	389.00	832.19	343.04	900
1	13	50.00	10.00	6.00	4.00	2	1	-1	50.00	106.00	348.00	203.00	14.00	-1767	0	2026	2034		608.00	322.00	684.00	232.00	689.97	237.04	1009
1	14	40.00	10.00	6.00	4.00	2	4	1	52.00	112.00	270.00	220.00	6.00	-1776	0	2034	2042		1139.00	615.00	1049.00	691.00	1121.44	776.79	1017
1	15	50.00	10.00	6.00	4.00	2	4	1	35.00	170.00	305.00	230.00	10.00	-1642	0	2317	2326		1222.00	683.00	1146.00	773.00	1239.64	852.07	1300
1	16	40.00	10.00	6.00	4.00	2	4	1	71.00	171.00	286.00	220.00	10.00	-1659	0	2042	2051		1229.00	690.00	1139.00	766.00	1232.91	877.21	1025
1	17	50.00	10.00	6.00	4.00	1	4	-1	50.00	126.00	337.00	230.00	6.00	-1709	0	1842	1851		1132.00	608.00	1056.00	698.00	1115.68	748.39	825
1	18	50.00	10.00	6.00	4.00	2	3	1	51.00	166.00	310.00	189.00	14.00	-1792	0	2192	2201		608.00	758.00	684.00	848.00	671.71	858.38	1175
1	19	40.00	10.00	6.00	4.00	1	3	1	60.00	178.00	320.00	234.00	6.00	-1659	0	2226	2234		781.00	615.00	871.00	691.00	864.86	698.27	1209
1	20	50.00	10.00	6.00	4.00	2	1	-1	50.00	141.00	317.00	193.00	10.00	-1684	0	3218	3226		698.00	397.00	774.00	307.00	537.18	107.02	2201
1	21	50.00	10.00	6.00	4.00	2	1	-1	50.00	124.00	296.00	251.00	6.00	-1742	0	1901	1909		788.00	472.00	864.00	382.00	800.48	328.36	884
1	22	50.00	10.00	6.00	4.00	2	1	1	50.00	95.00	334.00	194.00	10.00	-1626	0	2034	2042		698.00	397.00	774.00	307.00	647.69	200.34	1017
1	23	45.00	10.00	6.00	4.00	2	3	-1	53.00	130.00	315.00	217.00	10.00	-1759	0	1992	2001		695.00	687.00	777.00	769.00	665.95	880.05	975
1	24	45.00	10.00	6.00	4.00	2	4	-1	4.00	112.00	335.00	225.00	14.00	-1692	0	1951	1959		1315.00	762.00	1233.00	844.00	1312.67	923.67	934
1	25	50.00	10.00	6.00	4.00	2	4	-1	78.00	153.00	274.00	230.00	14.00	-1776	0	2042	2051		1312.00	758.00	1236.00	848.00	1346.31	941.15	1025
1	26	40.00	10.00	6.00	4.00	2	3	-1	67.00	165.00	320.00	230.00	14.00	-1801	0	1892	1901		601.00	765.00	691.00	841.00	630.39	912.77	875
1	27	45.00	10.00	6.00	4.00	2	4	-1	18.00	145.00	327.00	225.00	10.00	-1759	0	1884	1892		1225.00	687.00	1143.00	769.00	1292.49	918.49	867
1	28	50.00	10.00	6.00	4.00	2	2	1	13.00	130.00	300.00	247.00	14.00	-1651	0	1867	1876		1312.00	322.00	1236.00	232.00	1250.53	219.73	850
1	29	40.00	10.00	6.00	4.00	1	1	-1	40.00	173.00	302.00	230.00	6.00	-1759	0	1709	1717		781.00	465.00	871.00	389.00	808.17	314.59	692
1	30	40.00	10.00	6.00	4.00	2	4	-1	56.00	105.00	352.00	220.00	14.00	-1817	0	2184	2192		1319.00	765.00	1229.00	841.00	1303.06	928.71	1167
1	31	50.00	10.00	6.00	4.00	2	1	1	50.00	106.00	291.00	223.00	6.00	-1751	0	2059	2067		788.00	472.00	864.00	382.00	698.62	242.34	1042
1	32	50.00	10.00	6.00	4.00	2	2	1	48.00	130.00	335.00	243.00	10.00	-1784	0	1817	1826		1222.00	397.00	1146.00	307.00	1219.65	244.81	800
1	33	40.00	10.00	6.00	4.00	2	2	-1	72.00	140.00	312.00	183.00	14.00	-1809	0	1917	1926		1319.00	315.00	1229.00	239.00	1241.83	223.80	900
1	34	40.00	10.00	6.00	4.00	1	4	1	6.00	116.00	334.00	220.00	10.00	-1626	0	2151	2159		1229.00	690.00	1139.00	766.00	1157.96	788.45	1134
1	35	40.00	10.00	6.00	4.00	2	2	1	40.00	140.00	318.00	239.00	14.00	-1801	0	1942	1951		1319.00	315.00	1229.00	239.00	1245.13	219.90	925
1	36	50.00	10.00	6.00	4.00	1	2	-1	50.00	130.00	337.00	256.00	14.00	-1634	0	2067	2076		1312.00	322.00	1236.00	232.00	1268.17	204.83	1050
1	37	45.00	10.00	6.00	4.00	2	4	1	19.00	167.00	311.00	225.00	6.00	-1634	0	2267	2276		1135.00	612.00	1053.00	694.00	1145.47	786.47	1250
1	38	40.00	10.00	6.00	4.00	2	4	1	70.00	108.00	318.00	220.00	14.00	-1742	0	2367	2376		1319.00	765.00	1229.00	841.00	1293.45	917.33	1350
1	39	40.00	10.00	6.00	4.00	2	4	-1	15.00	125.00	321.00	220.00	6.00	-1709	0	2201	2209		1139.00	615.00	1049.00	691.00	1134.89	792.72	1184
1	40	40.00	10.00	6.00	4.00	2	3	-1	26.00	96.00	320.00	252.00	10.00	-1634	0	1859	1867		691.00	690.00	781.00	766.00	746.67	806.66	842
1	41	40.00	10.00	6.00	4.00	1	4	1	3.00	142.00	347.00	220.00	14.00	-1767	0	2226	2234		1319.00	765.00	1229.00	841.00	1248.29	863.84	1209
1	42	50.00	10.00	6.00	4.00	2	2	-1	77.00	130.00	278.00	212.00	14.00	-1792	0	2017	2026		1312.00	322.00	1236.00	232.00	1295.73	181.56	1000
1	43	40.00	10.00	6.00	4.00	2	1	-1	40.00	145.00	358.00	265.00	14.00	-1784	0	1934	1942		601.00	315.00	691.00	239.00	636.16	174.05	917
1	44	50.00	10.00	6.00	4.00	2	4	-1	52.00	109.00	346.00	230.00	10.00	-1801	0	2051	2059		1222.00	683.00	1146.00	773.00	1284.80	890.21	1034
1	45	40.00	10.00	6.00	4.00	1	2	-1	86.00	140.00	276.00	260.00	14.00	-1659	0	1926	1934		1319.00	315.00	1229.00	239.00	1279.54	179.15	909
1	46	45.00	10.00	6.00	4.00	1	2	-1	78.00	135.00	333.00	183.00	6.00	-1651	0	1776	1784		1135.00	468.00	1053.00	386.00	1093.77	345.23	759
1	47	45.00	10.00	6.00	4.00	1	2	1	88.00	135.00	318.00	219.00	6.00	-1784	0	1784	1792		1135.00	468.00	1053.00	386.00	1126.38	312.62	767
1	48	45.00	10.00	6.00	4.00	2	4	1	48.00	135.00	341.00	225.00	14.00	-1759	0	2051	2059		1315.00	762.00	1233.00	844.00	1288.65	899.65	1034
1	49	40.00	10.00	6.00	4.00	1	4	-1	25.00	140.00	338.00	220.00	6.00	-1659	0	2101	2109		1139.00	615.00	1049.00	691.00	1061.86	706.23	1084
1	50	45.00	10.00	6.00	4.00	2	1	1	45.00	133.00	307.00	214.00	10.00	-1751	0	2034	2042		695.00	393.00	777.00	311.00	658.26	192.26	1017
1	51	45.00	10.00	6.00	4.00	2	4	1	62.00	114.00	318.00	225.00	10.00	-1792	0	2242	2251		1225.00	687.00	1143.00	769.00	1213.69	839.69	1225
1	52	40.00	10.00	6.00	4.00	1	2	-1	43.00	140.00	329.00	190.00	10.00	-1734	0	1809	1817		1229.00	390.00	1139.00	314.00	1195.64	246.93	792
1	53	45.00	10.00	6.00	4.00	1	4	1	41.00	162.00	355.00	225.00	6.00	-1734	0	2059	2067		1135.00	612.00	1053.00	694.00	1092.61	733.61	1042
1	54	50.00	10.00	6.00	4.00	2	3	-1	55.00	164.00	310.00	237.00	10.00	-1801	0	2001	2009		698.00	683.00	774.00	773.00	686.13	847.20	984
1	55	50.00	10.00	6.00	4.00	1	4	-1	63.00	97.00	339.00	230.00	14.00	-1651	0	2059	2067		1312.00	758.00	1236.00	848.00	1255.98	864.87	1042
1	56	45.00	10.00	6.00	4.00	2	3	1	28.00	120.00	315.00	246.00	6.00	-1776	0	1901	1909		785.00	612.00	867.00	694.00	814.89	746.11	884
1	57	50.00	10.00	6.00	4.00	1	1	1	50.00	160.00	320.00	219.00	10.00	-1701	0	1926	1934		698.00	397.00	774.00	307.00	738.02	276.62	909
1	58	45.00	10.00	6.00	4.00	2	3	1	31.00	172.00	315.00	183.00	10.00	-1651	0	1809	1817		695.00	687.00	777.00	769.00	748.59	797.41	792
1	59	40.00	10.00	6.00	4.00	1	1	1	40.00	161.00	293.00	250.00	14.00	-1792	0	1792	1801		601.00	315.00	691.00	239.00	728.41	283.30	775
1	60	50.00	10.00	6.00	4.00	1	2	-1	15.00	130.00	302.00	246.00	6.00	-1759	0	1976	1984		1132.00	472.00	1056.00	382.00	1095.03	349.04	959
1	61	40.00	10.00	6.00	4.00	1	1	1	40.00	160.00	326.00	240.00	10.00	-1701	0	2476	2484		691.00	390.00	781.00	314.00	767.81	298.38	1459
1	62	50.00	10.00	6.00	4.00	1	4	1	87.00	160.00	318.00	230.00	10.00	-1717	0	1984	1992		1222.00	683.00	1146.00	773.00	1156.04	781.47	967
1	63	40.00	10.00	6.00	4.00	1	4	-1	15.00	146.00	275.00	220.00	14.00	-1784	0	3068	3076		1319.00	765.00	1229.00	841.00	1338.62	970.81	2051
1	64	45.00	10.00	6.00	4.00	1	3	-1	79.00	177.00	315.00	183.00	6.00	-1726	0	1967	1976		785.00	612.00	867.00	694.00	887.93	673.07	950
1	65	50.00	10.00	6.00	4.00	2	2	1	15.00	130.00	318.00	236.00	6.00	-1734	0	2234	2242		1132.00	472.00	1056.00	382.00	1095.58	348.57	1217
1	66	45.00	10.00	6.00	4.00	1	2	-1	81.00	135.00	336.00	180.00	10.00	-1717	0	1892	1901		1225.00	393.00	1143.00	311.00	1183.02	270.98	875
1	67	40.00	10.00	6.00	4.00	2	3	1	46.00	131.00	320.00	214.00	10.00	-1701	0	1926	1934		691.00	690.00	781.00	766.00	762.04	788.45	909
1	68	45.00	10.00	6.00	4.00	1	1	1	45.00	106.00	292.00	242.00	6.00	-1717	0	1700	1709		785.00	468.00	867.00	386.00	831.23	350.23	684
1	69	50.00	10.00	6.00	4.00	2	3	1	17.00	128.00	310.00	239.00	10.00	-1659	0	1959	1967		698.00	683.00	774.00	773.00	733.21	807.44	942
1	70	50.00	10.00	6.00	4.00	1	3	-1	80.00	90.00	310.00	229.00	14.00	-1742	0	1934	1942		608.00	758.00	684.00	848.00	679.40	851.88	917
1	71	40.00	10.00	6.00	4.00	2	2	-1	74.00	140.00	279.00	194.00	10.00	-1759	0	1884	1892		1229.00	390.00	1139.00	314.00	1170.30	276.94	867
1	72	50.00	10.00	6.00	4.00	2	2	-1	67.00	130.00	350.00	209.00	6.00	-1809	0	1850	1859		1132.00	472.00	1056.00	382.00	1145.53	306.39	834
1	73	50.00	10.00	6.00	4.00	2	3	1	62.00	173.00	310.00	256.00	6.00	-1784	0	2009	2017		788.00	608.00	864.00	698.00	781.26	767.87	992
1	74	40.00	10.00	6.00	4.00	2	4	-1	41.00	159.00	283.00	220.00	10.00	-1717	0	1959	1967		1229.00	690.00	1139.00	766.00	1193.51	830.56	942
1	75	40.00	10.00	6.00	4.00	1	3	1	47.00	123.00	320.00	264.00	10.00	-1709	0	1851	1859		691.00	690.00	781.00	766.00	752.43	799.83	834
1	76	40.00	10.00	6.00	4.00	2	2	-1	56.00	140.00	355.00	209.00	6.00	-1809	0	1876	1884		1139.00	465.00	1049.00	389.00	1126.74	296.93	859
1	77	45.00	10.00	6.00	4.00	2	1	1	45.00	92.00	320.00	198.00	6.00	-1626	0	1876	1884		785.00	468.00	867.00	386.00	746.67	265.67	859
1	78	50.00	10.00	6.00	4.00	1	3	1	77.00	115.00	310.00	265.00	6.00	-1792	0	1967	1976		788.00	608.00	864.00	698.00	811.05	742.71	950
1	79	50.00	10.00	6.00	4.00	1	3	-1	18.00	119.00	310.00	237.00	10.00	-1684	0	1984	1992		698.00	683.00	774.00	773.00	789.91	759.56	967
1	80	45.00	10.00	6.00	4.00	1	4	-1	57.00	173.00	329.00	225.00	10.00	-1801	0	1992	2001		1225.00	687.00	1143.00	769.00	1175.26	801.26	975
1	81	40.00	10.00	6.00	4.00	1	1	1	40.00	93.00	299.00	196.00	6.00	-1709	0	1742	1750		781.00	465.00	871.00	389.00	811.05	318.01	725
1	82	45.00	10.00	6.00	4.00	1	4	-1	34.00	137.00	315.00	225.00	14.00	-1742	0	1926	1934		1315.00	762.00	1233.00	844.00	1270.39	881.39	909
1	83	50.00	10.00	6.00	4.00	1	1	-1	50.00	142.00	285.00	214.00	14.00	-1642	0	1859	1867		608.00	322.00	684.00	232.00	682.28	230.55	842
1	84	45.00	10.00	6.00	4.00	2	3	1	27.00	98.00	315.00	241.00	14.00	-1701	0	1934	1942		605.00	762.00	687.00	844.00	631.35	899.65	917
1	85	45.00	10.00	6.00	4.00	1	1	-1	45.00	168.00	291.00	225.00	14.00	-1734	0	1959	1967		605.00	318.00	687.00	236.00	653.45	202.45	942
1	86	50.00	10.00	6.00	4.00	2	4	1	0.00	165.00	270.00	230.00	6.00	-1642	0	1926	1934		1132.00	608.00	1056.00	698.00	1159.88	785.72	909
1	87	50.00	10.00	6.00	4.00	1	2	1	57.00	130.00	276.00	184.00	6.00	-1742	0	1776	1784		1132.00	472.00	1056.00	382.00	1085.70	356.92	759
1	88	50.00	10.00	6.00	4.00	1	4	1	74.00	107.00	285.00	230.00	14.00	-1692	0	2134	2142		1312.00	758.00	1236.00	848.00	1227.15	840.52	1117
1	89	45.00	10.00	6.00	4.00	2	1	1	45.00	128.00	284.00	233.00	14.00	-1742	0	1992	2001		605.00	318.00	687.00	236.00	623.66	172.66	975
1	90	40.00	10.00	6.00	4.00	1	3	-1	18.00	166.00	320.00	259.00	6.00	-1626	0	1859	1867		781.00	615.00	871.00	691.00	861.98	701.68	842
1	91	45.00	10.00	6.00	4.00	1	4	1	54.00	158.00	321.00	225.00	14.00	-1651	0	2084	2092		1315.00	762.00	1233.00	844.00	1222.34	833.34	1067
1	92	50.00	10.00	6.00	4.00	2	2	-1	63.00	130.00	273.00	252.00	10.00	-1709	0	1950	1959		1222.00	397.00	1146.00	307.00	1216.90	247.13	934
1	93	45.00	10.00	6.00	4.00	2	2	1	90.00	135.00	301.00	207.00	6.00	-1659	0	1717	1726		1135.00	468.00	1053.00	386.00	1128.78	310.22	700
1	94	45.00	10.00	6.00	4.00	2	2	-1	7.00	135.00	297.00	202.00	14.00	-1692	0	1834	1842		1315.00	318.00	1233.00	236.00	1224.44	244.56	817
1	95	45.00	10.00	6.00	4.00	1	4	1	38.00	97.00	314.00	225.00	10.00	-1817	0	2167	2176		1225.00	687.00	1143.00	769.00	1178.14	804.14	1150
1	96	45.00	10.00	6.00	4.00	1	1	1	45.00	111.00	308.00	182.00	10.00	-1767	0	1842	1851		695.00	393.00	777.00	311.00	742.82	276.82	825
1	97	45.00	10.00	6.00	4.00	2	1	-1	45.00	109.00	283.00	193.00	14.00	-1667	0	1942	1951		605.00	318.00	687.00	236.00	640.00	189.00	925
1	98	50.00	10.00	6.00	4.00	1	1	1	50.00	147.00	296.00	211.00	14.00	-1742	0	1792	1801		608.00	322.00	684.00	232.00	618.86	176.99	775
1	99	50.00	10.00	6.00	4.00	1	1	-1	50.00	146.00	352.00	260.00	6.00	-1734	0	1792	1801		788.00	472.00	864.00	382.00	755.32	290.22	775
1	100	45.00	10.00	6.00	4.00	1	2	1	74.00	135.00	293.00	233.00	14.00	-1759	0	1909	1917		1315.00	318.00	1233.00	236.00	1231.57	237.43	892
1	102	50.00	10.00	6.00	4.00	1	2	1	8.00	130.00	346.00	225.00	14.00	-1651	0	1826	1834		1312.00	322.00	1236.00	232.00	1241.71	227.18	809
1	103	40.00	10.00	6.00	4.00	2	3	-1	42.00	159.00	320.00	253.00	6.00	-1651	0	2009	2017		781.00	615.00	871.00	691.00	645.77	957.72	992
1	104	40.00	10.00	6.00	4.00	1	3	-1	23.00	142.00	320.00	201.00	10.00	-1659	0	1901	1909		691.00	690.00	781.00	766.00	699.58	862.42	884
1	105	45.00	10.00	6.00	4.00	1	3	1	34.00	122.00	315.00	264.00	14.00	-1692	0	1801	1809		605.00	762.00	687.00	844.00	672.67	858.33	784
1	106	45.00	10.00	6.00	4.00	1	1	-1	45.00	150.00	346.00	205.00	10.00	-1726	0	1801	1809		695.00	393.00	777.00	311.00	717.84	251.84	784
1	107	50.00	10.00	6.00	4.00	2	1	1	50.00	122.00	338.00	263.00	14.00	-1759	0	1959	1967		608.00	322.00	684.00	232.00	632.31	188.35	942
1	108	50.00	10.00	6.00	4.00	1	4	-1	11.00	114.00	275.00	230.00	10.00	-1817	0	2101	2109		1222.00	683.00	1146.00	773.00	1154.11	779.85	1084
1	109	45.00	10.00	6.00	4.00	2	1	-1	45.00	96.00	337.00	188.00	6.00	-1626	0	1784	1792		785.00	468.00	867.00	386.00	765.89	284.89	767
1	110	50.00	10.00	6.00	4.00	1	3	1	3.00	164.00	310.00	268.00	14.00	-1801	0	1767	1776		608.00	758.00	684.00	848.00	664.98	864.06	750
1	111	50.00	10.00	6.00	4.00	1	3	1	36.00	156.00	310.00	239.00	10.00	-1734	0	1717	1726		698.00	683.00	774.00	773.00	708.23	828.54	700
1	112	50.00	10.00	6.00	4.00	1	2	-1	69.00	130.00	339.00	258.00	10.00	-1634	0	1801	1809		1222.00	397.00	1146.00	307.00	1224.60	240.63	784
1	113	45.00	10.00	6.00	4.00	2	2	1	21.00	135.00	327.00	184.00	10.00	-1701	0	1859	1867		1225.00	393.00	1143.00	311.00	1224.06	229.94	842
1	114	40.00	10.00	6.00	4.00	1	2	1	0.00	140.00	343.00	264.00	6.00	-1759	0	1650	1659		1139.00	465.00	1049.00	389.00	1128.00	295.45	634
1	115	40.00	10.00	6.00	4.00	1	1	-1	40.00	103.00	304.00	189.00	14.00	-1742	0	1734	1742		601.00	315.00	691.00	239.00	688.05	235.50	717
1	116	40.00	10.00	6.00	4.00	1	1	-1	40.00	91.00	281.00	256.00	10.00	-1667	0	1826	1834		691.00	390.00	781.00	314.00	711.11	231.24	809
1	117	50.00	10.00	6.00	4.00	1	2	1	67.00	130.00	303.00	232.00	10.00	-1776	0	1951	1959		1222.00	397.00	1146.00	307.00	1208.10	254.56	934
1	118	40.00	10.00	6.00	4.00	1	2	1	88.00	140.00	349.00	260.00	10.00	-1759	0	2559	2567		1229.00	390.00	1139.00	314.00	1136.06	317.48	1542
1	119	45.00	10.00	6.00	4.00	1	3	1	61.00	160.00	315.00	254.00	10.00	-1617	0	1951	1959		695.00	687.00	777.00	769.00	790.87	755.13	934
1	120	40.00	10.00	6.00	4.00	1	4	1	63.00	111.00	349.00	220.00	6.00	-1709	0	1984	1992		1139.00	615.00	1049.00	691.00	1080.12	727.85	967
1	121	40.00	10.00	6.00	4.00	1	3	1	80.00	96.00	320.00	257.00	14.00	-1717	0	2142	2151		601.00	765.00	691.00	841.00	680.36	853.60	1125
1	122	50.00	10.00	6.00	4.00	2	4	-1	78.00	169.00	341.00	230.00	6.00	-1701	0	2017	2026		1132.00	608.00	1056.00	698.00	1098.38	733.79	1000
1	123	40.00	10.00	6.00	4.00	1	2	-1	61.00	140.00	294.00	186.00	6.00	-1792	0	1767	1776		1139.00	465.00	1049.00	389.00	1085.37	345.93	750
1	124	45.00	10.00	6.00	4.00	1	1	-1	45.00	157.00	293.00	257.00	6.00	-1667	0	1909	1917		785.00	468.00	867.00	386.00	830.27	349.27	892
1	125	45.00	10.00	6.00	4.00	1	4	-1	30.00	143.00	282.00	225.00	6.00	-1626	0	1834	1842		1135.00	612.00	1053.00	694.00	1109.91	750.91	817
1	126	45.00	10.00	6.00	4.00	2	4	-1	69.00	110.00	277.00	225.00	6.00	-1734	0	1842	1851		1135.00	612.00	1053.00	694.00	1164.68	805.68	825
1	127	50.00	10.00	6.00	4.00	2	4	1	81.00	129.00	324.00	230.00	14.00	-1792	0	1892	1901		1312.00	758.00	1236.00	848.00	1249.25	859.19	875
1	128	45.00	10.00	6.00	4.00	2	1	-1	45.00	167.00	304.00	206.00	10.00	-1692	0	1967	1976		695.00	393.00	777.00	311.00	735.14	269.14	950
1	129	40.00	10.00	6.00	4.00	1	3	-1	56.00	152.00	320.00	210.00	14.00	-1709	0	2501	2509		601.00	765.00	691.00	841.00	691.89	839.94	1484
1	130	45.00	10.00	6.00	4.00	1	1	1	45.00	144.00	310.00	197.00	14.00	-1809	0	1967	1976		605.00	318.00	687.00	236.00	626.55	175.55	950
1	131	40.00	10.00	6.00	4.00	2	1	1	40.00	120.00	274.00	201.00	10.00	-1742	0	2326	2334		691.00	390.00	781.00	314.00	644.80	152.72	1309
1	132	45.00	10.00	6.00	4.00	1	2	1	24.00	135.00	350.00	222.00	10.00	-1642	0	1851	1859		1225.00	393.00	1143.00	311.00	1158.29	295.71	834
1	133	50.00	10.00	6.00	4.00	2	3	-1	77.00	163.00	310.00	195.00	6.00	-1792	0	1967	1976		788.00	608.00	864.00	698.00	812.01	741.90	950
1	134	50.00	10.00	6.00	4.00	2	3	-1	88.00	96.00	310.00	234.00	14.00	-1751	0	2142	2151		608.00	758.00	684.00	848.00	659.22	868.93	1125
1	135	45.00	10.00	6.00	4.00	2	2	-1	65.00	135.00	301.00	188.00	6.00	-1792	0	1909	1917		1135.00	468.00	1053.00	386.00	1091.38	347.62	892
1	136	45.00	10.00	6.00	4.00	1	3	-1	84.00	131.00	315.00	203.00	10.00	-1701	0	1834	1842		695.00	687.00	777.00	769.00	786.07	759.93	817
1	137	45.00	10.00	6.00	4.00	1	2	-1	84.00	135.00	320.00	212.00	14.00	-1784	0	1992	2001		1315.00	318.00	1233.00	236.00	1249.91	219.09	975
1	138	45.00	10.00	6.00	4.00	1	3	-1	54.00	116.00	315.00	224.00	14.00	-1642	0	1867	1876		605.00	762.00	687.00	844.00	686.13	844.87	850
1	139	40.00	10.00	6.00	4.00	2	2	1	77.00	140.00	275.00	188.00	6.00	-1792	0	2076	2084		1139.00	465.00	1049.00	389.00	1081.61	350.38	1059
1	140	40.00	10.00	6.00	4.00	1	2	1	66.00	140.00	351.00	218.00	14.00	-1692	0	2109	2117		1319.00	315.00	1229.00	239.00	1193.29	281.29	1092
1	141	50.00	10.00	6.00	4.00	1	1	-1	50.00	144.00	320.00	263.00	10.00	-1676	0	1934	1942		698.00	397.00	774.00	307.00	738.98	277.43	917
1	142	40.00	10.00	6.00	4.00	2	2	1	69.00	140.00	339.00	220.00	10.00	-1676	0	1934	1942		1229.00	390.00	1139.00	314.00	1152.07	298.53	917
1	143	50.00	10.00	6.00	4.00	1	1	1	50.00	131.00	282.00	267.00	6.00	-1767	0	2159	2167		788.00	472.00	864.00	382.00	818.74	343.78	1142
1	144	40.00	10.00	6.00	4.00	2	3	1	29.00	94.00	320.00	228.00	6.00	-1759	0	1992	2001		781.00	615.00	871.00	691.00	806.25	767.68	975
1	145	40.00	10.00	6.00	4.00	1	4	-1	73.00	177.00	298.00	220.00	10.00	-1809	0	1959	1967		1229.00	690.00	1139.00	766.00	1169.49	802.11	942
