1	1	45.00	10.00	6.00	4.00	1	3	-1	69.00	112.00	315.00	244.00	16.00	-1801	0	2283	2292		561.00	800.00	643.00	882.00	602.52	922.48	1267
1	2	45.00	10.00	6.00	4.00	1	4	1	35.00	146.00	311.00	225.00	6.00	-1726	0	2226	2234		1135.00	612.00	1053.00	694.00	1085.89	726.89	1209
1	3	45.00	10.00	6.00	4.00	2	4	-1	72.00	98.00	310.00	225.00	6.00	-1717	0	2017	2026		1135.00	612.00	1053.00	694.00	1104.14	745.14	1000
1	4	45.00	10.00	6.00	4.00	1	2	1	80.00	135.00	292.00	223.00	16.00	-1742	0	1909	1917		1359.00	280.00	1277.00	198.00	1321.89	153.11	892
1	5	45.00	10.00	6.00	4.00	2	3	1	82.00	157.00	315.00	245.00	6.00	-1751	0	1867	1876		785.00	612.00	867.00	694.00	806.25	754.75	850
1	6	45.00	10.00	6.00	4.00	1	2	-1	46.00	135.00	291.00	265.00	16.00	-1776	0	1934	1942		1359.00	280.00	1277.00	198.00	1304.36	170.64	917
1	7	45.00	10.00	6.00	4.00	2	1	-1	45.00	116.00	344.00	252.00	16.00	-1751	0	1767	1776		561.00	280.00	643.00	198.00	615.02	170.02	750
1	8	45.00	10.00	6.00	4.00	1	3	1	66.00	180.00	315.00	210.00	16.00	-1784	0	1817	1826		561.00	800.00	643.00	882.00	625.59	899.41	800
1	9	45.00	10.00	6.00	4.00	2	3	-1	12.00	131.00	315.00	216.00	6.00	-1692	0	1759	1767		785.00	612.00	867.00	694.00	741.86	819.14	742
1	10	45.00	10.00	6.00	4.00	2	2	-1	56.00	135.00	317.00	198.00	16.00	-1676	0	1801	1809		1359.00	280.00	1277.00	198.00	1302.30	172.70	784
1	11	45.00	10.00	6.00	4.00	2	1	-1	45.00	156.00	358.00	214.00	6.00	-1634	0	1726	1734		785.00	468.00	867.00	386.00	797.60	316.60	709
1	12	45.00	10.00	6.00	4.00	2	3	1	83.00	96.00	315.00	219.00	16.00	-1784	0	1809	1817		561.00	800.00	643.00	882.00	623.66	901.34	792
1	13	45.00	10.00	6.00	4.00	1	3	-1	23.00	158.00	315.00	202.00	6.00	-1801	0	1817	1826		785.00	612.00	867.00	694.00	832.19	728.81	800
1	14	45.00	10.00	6.00	4.00	1	4	1	20.00	171.00	335.00	225.00	16.00	-1767	0	1859	1867		1359.00	800.00	1277.00	882.00	1287.69	892.69	842
1	15	45.00	10.00	6.00	4.00	1	3	1	28.00	127.00	315.00	198.00	6.00	-1709	0	1717	1725		785.00	612.00	867.00	694.00	834.11	726.89	700
1	16	45.00	10.00	6.00	4.00	1	1	1	45.00	113.00	286.00	249.00	16.00	-1809	0	1884	1892		561.00	280.00	643.00	198.00	623.66	178.66	867
1	17	45.00	10.00	6.00	4.00	2	1	1	45.00	109.00	294.00	183.00	6.00	-1801	0	1809	1817		785.00	468.00	867.00	386.00	738.02	257.02	792
1	18	45.00	10.00	6.00	4.00	1	4	-1	24.00	170.00	357.00	225.00	6.00	-1692	0	1942	1951		1135.00	612.00	1053.00	694.00	1098.38	739.38	925
1	19	45.00	10.00	6.00	4.00	2	4	1	17.00	146.00	279.00	225.00	6.00	-1801	0	1734	1742		1135.00	612.00	1053.00	694.00	1118.56	759.56	717
1	20	45.00	10.00	6.00	4.00	2	2	-1	56.00	135.00	344.00	241.00	6.00	-1642	0	1701	1709		1135.00	468.00	1053.00	386.00	1127.34	311.66	684
1	21	45.00	10.00	6.00	4.00	2	2	1	74.00	135.00	305.00	191.00	16.00	-1709	0	1834	1842		1359.00	280.00	1277.00	198.00	1299.72	175.28	817
1	22	45.00	10.00	6.00	4.00	1	1	-1	45.00	129.00	360.00	254.00	16.00	-1692	0	1976	1984		561.00	280.00	643.00	198.00	620.78	175.78	959
1	23	45.00	10.00	6.00	4.00	2	4	-1	77.00	130.00	331.00	225.00	16.00	-1701	0	1917	1926		1359.00	800.00	1277.00	882.00	1287.69	892.69	900
1	24	45.00	10.00	6.00	4.00	1	4	-1	68.00	153.00	342.00	225.00	16.00	-1809	0	1742	1750		1359.00	800.00	1277.00	882.00	1307.87	912.87	725
1	25	45.00	10.00	6.00	4.00	2	2	1	75.00	135.00	275.00	267.00	6.00	-1634	0	1851	1859		1135.00	468.00	1053.00	386.00	1096.65	342.35	834
1	26	45.00	10.00	6.00	4.00	1	1	1	45.00	112.00	295.00	239.00	6.00	-1617	0	1926	1934		785.00	468.00	867.00	386.00	824.50	343.50	909
1	27	45.00	10.00	6.00	4.00	2	4	1	26.00	96.00	348.00	225.00	16.00	-1742	0	2176	2184		1359.00	800.00	1277.00	882.00	1337.66	942.66	1159
1	28	45.00	10.00	6.00	4.00	2	1	1	45.00	111.00	283.00	219.00	16.00	-1759	0	1901	1909		561.00	280.00	643.00	198.00	609.25	164.25	884
1	29	45.00	10.00	6.00	4.00	1	2	-1	53.00	135.00	283.00	214.00	6.00	-1634	0	1792	1801		1135.00	468.00	1053.00	386.00	1092.34	346.66	775
1	30	45.00	10.00	6.00	4.00	1	1	-1	45.00	123.00	352.00	226.00	6.00	-1717	0	1742	1750		785.00	468.00	867.00	386.00	842.76	361.76	725
1	31	45.00	10.00	6.00	4.00	1	2	1	43.00	135.00	331.00	213.00	6.00	-1684	0	1784	1792		1135.00	468.00	1053.00	386.00	1084.66	354.34	767
1	32	45.00	10.00	6.00	4.00	2	3	-1	37.00	163.00	315.00	268.00	16.00	-1684	0	2042	2051		561.00	800.00	643.00	882.00	583.30	941.70	1025
