1	1	40.00	10.00	6.00	4.00	1	3	-1	44.00	119.00	320.00	183.00	5.00	-1793	0	2292	2300		803.00	596.00	893.00	672.00	886.97	679.14	1267
1	2	50.00	10.00	6.00	4.00	2	4	-1	72.00	111.00	335.00	230.00	10.00	-1751	0	1909	1917		1222.00	683.00	1146.00	773.00	1263.66	872.36	892
1	3	50.00	10.00	6.00	4.00	1	1	1	50.00	128.00	308.00	191.00	20.00	-1717	0	1976	1984		474.00	209.00	550.00	119.00	517.96	91.94	959
1	4	40.00	10.00	6.00	4.00	2	4	1	11.00	158.00	356.00	220.00	10.00	-1684	0	1784	1792		1229.00	690.00	1139.00	766.00	1168.53	800.97	767
1	5	50.00	10.00	6.00	4.00	1	2	-1	5.00	130.00	275.00	192.00	10.00	-1642	0	1826	1834		1222.00	397.00	1146.00	307.00	1211.40	251.78	809
1	6	50.00	10.00	6.00	4.00	2	3	1	12.00	172.00	310.00	224.00	5.00	-1767	0	1834	1842		810.00	589.00	886.00	679.00	806.25	746.35	817
1	7	40.00	10.00	6.00	4.00	2	3	-1	39.00	169.00	320.00	232.00	10.00	-1742	0	1709	1717		691.00	690.00	781.00	766.00	774.53	773.66	692
1	8	50.00	10.00	6.00	4.00	2	3	-1	48.00	106.00	310.00	181.00	5.00	-1734	0	2209	2217		810.00	589.00	886.00	679.00	845.65	713.08	1192
1	9	40.00	10.00	6.00	4.00	1	4	1	15.00	177.00	356.00	220.00	5.00	-1809	0	1876	1884		1117.00	596.00	1027.00	672.00	1058.02	708.73	859
1	10	40.00	10.00	6.00	4.00	1	3	1	58.00	122.00	320.00	247.00	20.00	-1651	0	2026	2034		467.00	878.00	557.00	954.00	554.47	956.99	1009
1	11	50.00	10.00	6.00	4.00	2	4	1	76.00	127.00	300.00	230.00	10.00	-1792	0	1909	1917		1222.00	683.00	1146.00	773.00	1263.66	872.36	892
1	12	40.00	10.00	6.00	4.00	1	4	1	62.00	139.00	339.00	220.00	10.00	-1817	0	2409	2417		1229.00	690.00	1139.00	766.00	1135.86	762.28	1392
1	13	40.00	10.00	6.00	4.00	2	3	-1	44.00	92.00	320.00	185.00	5.00	-1634	0	1767	1776		803.00	596.00	893.00	672.00	846.61	726.94	750
1	14	40.00	10.00	6.00	4.00	2	3	1	20.00	157.00	320.00	266.00	5.00	-1651	0	1717	1726		803.00	596.00	893.00	672.00	856.22	715.56	700
1	15	40.00	10.00	6.00	4.00	2	2	1	64.00	140.00	345.00	225.00	5.00	-1734	0	1692	1700		1117.00	484.00	1027.00	408.00	1060.10	368.80	675
1	16	50.00	10.00	6.00	4.00	1	1	-1	50.00	169.00	311.00	270.00	5.00	-1701	0	1692	1701		810.00	491.00	886.00	401.00	850.45	370.98	675
1	17	50.00	10.00	6.00	4.00	1	1	-1	50.00	171.00	311.00	260.00	10.00	-1767	0	1801	1809		698.00	397.00	774.00	307.00	746.67	283.92	784
1	19	50.00	10.00	6.00	4.00	1	3	1	11.00	167.00	310.00	205.00	20.00	-1717	0	1942	1951		474.00	871.00	550.00	961.00	567.93	945.86	925
1	20	40.00	10.00	6.00	4.00	1	3	1	86.00	177.00	320.00	248.00	5.00	-1751	0	1842	1851		803.00	596.00	893.00	672.00	788.95	795.22	825
1	21	50.00	10.00	6.00	4.00	2	1	-1	50.00	172.00	319.00	270.00	5.00	-1676	0	1675	1684		810.00	491.00	886.00	401.00	834.11	357.19	659
1	22	50.00	10.00	6.00	4.00	1	4	1	78.00	134.00	307.00	230.00	10.00	-1784	0	1751	1759		1222.00	683.00	1146.00	773.00	1187.75	808.25	734
1	23	40.00	10.00	6.00	4.00	2	2	-1	60.00	140.00	272.00	257.00	10.00	-1659	0	1867	1876		1229.00	390.00	1139.00	314.00	1244.99	188.49	850
1	24	40.00	10.00	6.00	4.00	1	2	-1	84.00	140.00	339.00	267.00	5.00	-1667	0	1934	1942		1117.00	484.00	1027.00	408.00	1057.22	372.21	917
1	25	40.00	10.00	6.00	4.00	1	4	-1	66.00	142.00	275.00	220.00	10.00	-1751	0	1784	1792		1229.00	690.00	1139.00	766.00	1204.08	843.07	767
1	26	50.00	10.00	6.00	4.00	1	3	-1	19.00	119.00	310.00	247.00	5.00	-1651	0	1559	1567		810.00	589.00	886.00	679.00	834.11	722.81	542
1	27	40.00	10.00	6.00	4.00	2	3	-1	0.00	142.00	320.00	251.00	20.00	-1651	0	1992	2001		467.00	878.00	557.00	954.00	575.62	931.96	975
1	28	40.00	10.00	6.00	4.00	2	1	1	40.00	106.00	302.00	253.00	20.00	-1684	0	1801	1809		467.00	202.00	557.00	126.00	541.98	108.22	784
1	29	50.00	10.00	6.00	4.00	1	4	-1	8.00	147.00	306.00	230.00	10.00	-1767	0	2209	2217		1222.00	683.00	1146.00	773.00	1172.37	795.27	1192
1	30	50.00	10.00	6.00	4.00	1	2	1	24.00	130.00	280.00	249.00	10.00	-1767	0	1809	1817		1222.00	397.00	1146.00	307.00	1173.44	283.83	792
1	31	50.00	10.00	6.00	4.00	2	1	1	50.00	95.00	350.00	195.00	20.00	-1734	0	1817	1826		474.00	209.00	550.00	119.00	496.82	74.09	800
1	32	50.00	10.00	6.00	4.00	2	2	-1	6.00	130.00	291.00	188.00	5.00	-1801	0	1734	1742		1110.00	491.00	1034.00	401.00	1087.46	355.85	717
1	33	50.00	10.00	6.00	4.00	2	1	-1	50.00	92.00	304.00	214.00	20.00	-1767	0	1859	1867		474.00	209.00	550.00	119.00	537.18	108.17	842
1	34	50.00	10.00	6.00	4.00	2	2	-1	26.00	130.00	324.00	190.00	10.00	-1734	0	1751	1759		1222.00	397.00	1146.00	307.00	1248.25	220.65	734
1	35	50.00	10.00	6.00	4.00	2	3	1	89.00	91.00	310.00	201.00	10.00	-1734	0	1817	1826		698.00	683.00	774.00	773.00	665.95	864.25	800
1	36	40.00	10.00	6.00	4.00	2	1	-1	40.00	158.00	334.00	243.00	20.00	-1667	0	1884	1892		467.00	202.00	557.00	126.00	559.28	128.70	867
1	37	40.00	10.00	6.00	4.00	2	3	1	18.00	165.00	320.00	263.00	20.00	-1801	0	2109	2117		467.00	878.00	557.00	954.00	574.65	933.09	1092
1	38	40.00	10.00	6.00	4.00	2	4	1	88.00	170.00	323.00	220.00	20.00	-1659	0	1976	1984		1453.00	878.00	1363.00	954.00	1383.78	978.61	959
1	39	40.00	10.00	6.00	4.00	1	4	-1	8.00	166.00	320.00	220.00	20.00	-1809	0	1901	1909		1453.00	878.00	1363.00	954.00	1420.30	1021.86	884
1	40	50.00	10.00	6.00	4.00	1	2	1	76.00	130.00	357.00	213.00	20.00	-1659	0	1801	1809		1446.00	209.00	1370.00	119.00	1456.88	45.64	784
1	41	40.00	10.00	6.00	4.00	1	3	-1	89.00	170.00	320.00	211.00	10.00	-1626	0	1709	1717		691.00	690.00	781.00	766.00	681.32	884.04	692
1	42	50.00	10.00	6.00	4.00	2	2	1	6.00	130.00	291.00	249.00	5.00	-1659	0	1617	1625		1110.00	491.00	1034.00	401.00	1102.30	343.33	600
1	43	40.00	10.00	6.00	4.00	1	2	1	87.00	140.00	316.00	193.00	5.00	-1776	0	1701	1709		1117.00	484.00	1027.00	408.00	1074.11	352.21	684
1	44	50.00	10.00	6.00	4.00	1	3	1	41.00	111.00	310.00	256.00	5.00	-1742	0	1659	1667		810.00	589.00	886.00	679.00	745.71	797.47	642
1	45	40.00	10.00	6.00	4.00	1	2	1	34.00	140.00	312.00	264.00	10.00	-1709	0	1817	1826		1229.00	390.00	1139.00	314.00	1223.20	214.29	800
1	46	40.00	10.00	6.00	4.00	1	4	1	33.00	110.00	276.00	220.00	20.00	-1676	0	1801	1809		1453.00	878.00	1363.00	954.00	1379.94	974.06	784
1	47	50.00	10.00	6.00	4.00	2	4	-1	59.00	96.00	338.00	230.00	20.00	-1642	0	1934	1942		1446.00	871.00	1370.00	961.00	1427.99	1009.97	917
1	48	40.00	10.00	6.00	4.00	2	2	1	36.00	140.00	278.00	204.00	10.00	-1792	0	1792	1801		1229.00	390.00	1139.00	314.00	1247.21	185.85	775
1	49	40.00	10.00	6.00	4.00	2	2	1	85.00	140.00	307.00	207.00	20.00	-1784	0	1959	1967		1453.00	202.00	1363.00	126.00	1361.81	127.41	942
1	50	50.00	10.00	6.00	4.00	2	4	1	58.00	104.00	283.00	230.00	20.00	-1751	0	1876	1884		1446.00	871.00	1370.00	961.00	1418.38	1001.85	859
1	51	50.00	10.00	6.00	4.00	2	3	-1	38.00	130.00	310.00	191.00	20.00	-1684	0	1826	1834		474.00	871.00	550.00	961.00	513.15	992.12	809
1	52	40.00	10.00	6.00	4.00	1	2	-1	72.00	140.00	322.00	237.00	10.00	-1617	0	1784	1792		1229.00	390.00	1139.00	314.00	1177.85	267.99	767
1	53	50.00	10.00	6.00	4.00	2	2	1	45.00	130.00	310.00	243.00	10.00	-1792	0	1734	1742		1222.00	397.00	1146.00	307.00	1179.49	278.72	717
1	54	50.00	10.00	6.00	4.00	2	2	-1	78.00	130.00	312.00	234.00	20.00	-1709	0	1784	1792		1446.00	209.00	1370.00	119.00	1340.52	143.90	767
1	55	50.00	10.00	6.00	4.00	2	3	-1	87.00	117.00	310.00	190.00	10.00	-1667	0	1834	1842		698.00	683.00	774.00	773.00	644.80	882.10	817
1	56	50.00	10.00	6.00	4.00	1	1	1	50.00	144.00	297.00	182.00	10.00	-1701	0	1792	1801		698.00	397.00	774.00	307.00	735.14	274.18	775
1	57	50.00	10.00	6.00	4.00	1	4	1	52.00	102.00	331.00	230.00	5.00	-1742	0	1726	1734		1110.00	589.00	1034.00	679.00	1085.89	722.81	709
1	58	50.00	10.00	6.00	4.00	2	4	-1	47.00	116.00	334.00	230.00	5.00	-1776	0	1709	1717		1110.00	589.00	1034.00	679.00	1119.52	751.22	692
1	59	40.00	10.00	6.00	4.00	1	3	-1	37.00	115.00	320.00	190.00	20.00	-1701	0	1751	1759		467.00	878.00	557.00	954.00	541.98	971.78	734
1	60	50.00	10.00	6.00	4.00	2	1	1	50.00	132.00	350.00	241.00	10.00	-1659	0	1792	1801		698.00	397.00	774.00	307.00	617.90	175.18	775
1	61	40.00	10.00	6.00	4.00	2	1	-1	40.00	150.00	342.00	247.00	5.00	-1709	0	1784	1792		803.00	484.00	893.00	408.00	883.12	396.30	767
1	62	50.00	10.00	6.00	4.00	2	1	-1	50.00	130.00	302.00	194.00	10.00	-1634	0	1776	1784		698.00	397.00	774.00	307.00	762.04	296.90	759
1	63	40.00	10.00	6.00	4.00	2	4	1	23.00	157.00	338.00	220.00	5.00	-1742	0	1967	1976		1117.00	596.00	1027.00	672.00	1113.75	774.73	950
1	64	40.00	10.00	6.00	4.00	1	1	-1	40.00	178.00	332.00	196.00	20.00	-1634	0	1851	1859		467.00	202.00	557.00	126.00	570.81	142.35	834
1	65	40.00	10.00	6.00	4.00	2	3	1	52.00	167.00	320.00	226.00	10.00	-1667	0	1709	1717		691.00	690.00	781.00	766.00	648.65	922.73	692
1	66	40.00	10.00	6.00	4.00	1	1	1	40.00	169.00	303.00	205.00	5.00	-1809	0	1859	1867		803.00	484.00	893.00	408.00	886.01	399.72	842
1	67	40.00	10.00	6.00	4.00	1	3	1	1.00	165.00	320.00	195.00	10.00	-1751	0	1801	1809		691.00	690.00	781.00	766.00	738.98	815.76	784
1	68	40.00	10.00	6.00	4.00	1	2	-1	54.00	140.00	303.00	186.00	20.00	-1751	0	1876	1884		1453.00	202.00	1363.00	126.00	1362.83	126.20	859
1	69	50.00	10.00	6.00	4.00	1	3	-1	58.00	121.00	310.00	201.00	10.00	-1792	0	1751	1759		698.00	683.00	774.00	773.00	729.37	810.69	734
1	70	50.00	10.00	6.00	4.00	1	4	1	48.00	169.00	283.00	230.00	20.00	-1742	0	1942	1951		1446.00	871.00	1370.00	961.00	1395.32	982.38	925
1	71	50.00	10.00	6.00	4.00	2	3	1	46.00	144.00	310.00	207.00	20.00	-1709	0	1959	1967		474.00	871.00	550.00	961.00	602.52	916.65	942
1	72	50.00	10.00	6.00	4.00	1	3	-1	28.00	157.00	310.00	197.00	20.00	-1801	0	1859	1867		474.00	871.00	550.00	961.00	541.98	967.77	842
1	73	40.00	10.00	6.00	4.00	1	2	1	85.00	140.00	339.00	254.00	20.00	-1651	0	1842	1851		1453.00	202.00	1363.00	126.00	1383.23	102.05	825
1	74	40.00	10.00	6.00	4.00	2	1	-1	40.00	120.00	348.00	183.00	10.00	-1792	0	1751	1759		691.00	390.00	781.00	314.00	693.81	210.75	734
1	75	40.00	10.00	6.00	4.00	2	4	-1	24.00	92.00	329.00	220.00	10.00	-1784	0	1842	1851		1229.00	690.00	1139.00	766.00	1252.13	899.97	825
1	76	50.00	10.00	6.00	4.00	1	1	1	50.00	154.00	308.00	229.00	5.00	-1742	0	1717	1726		810.00	491.00	886.00	401.00	815.86	341.77	700
1	77	40.00	10.00	6.00	4.00	1	1	-1	40.00	141.00	352.00	196.00	10.00	-1784	0	1776	1784		691.00	390.00	781.00	314.00	768.77	299.52	759
1	78	50.00	10.00	6.00	4.00	1	2	-1	48.00	130.00	348.00	193.00	20.00	-1684	0	1826	1834		1446.00	209.00	1370.00	119.00	1401.18	92.67	809
1	79	40.00	10.00	6.00	4.00	1	1	1	40.00	170.00	325.00	216.00	20.00	-1642	0	1901	1909		467.00	202.00	557.00	126.00	547.75	115.04	884
1	80	50.00	10.00	6.00	4.00	1	4	-1	64.00	152.00	304.00	230.00	20.00	-1634	0	1859	1867		1446.00	871.00	1370.00	961.00	1392.43	979.94	842
1	81	40.00	10.00	6.00	4.00	2	4	-1	65.00	166.00	305.00	220.00	20.00	-1667	0	1826	1834		1453.00	878.00	1363.00	954.00	1399.16	996.82	809
1	82	40.00	10.00	6.00	4.00	2	2	-1	20.00	140.00	290.00	181.00	20.00	-1801	0	1792	1801		1453.00	202.00	1363.00	126.00	1388.83	95.41	775
1	83	40.00	10.00	6.00	4.00	2	1	1	40.00	146.00	288.00	224.00	5.00	-1742	0	2267	2276		803.00	484.00	893.00	408.00	846.61	353.06	1250
1	85	50.00	10.00	6.00	4.00	1	2	1	58.00	130.00	341.00	201.00	5.00	-1709	0	1609	1617		1110.00	491.00	1034.00	401.00	1065.49	374.41	592
1	86	50.00	10.00	6.00	4.00	2	4	1	47.00	167.00	336.00	230.00	5.00	-1751	0	1767	1776		1110.00	589.00	1034.00	679.00	1137.78	766.63	750
1	88	50.00	10.00	6.00	4.00	1	1	-1	50.00	110.00	349.00	188.00	20.00	-1759	0	1884	1892		474.00	209.00	550.00	119.00	550.63	119.53	867
1	89	40.00	10.00	6.00	4.00	2	4	-1	47.00	106.00	295.00	220.00	5.00	-1751	0	1742	1751		1117.00	596.00	1027.00	672.00	1115.68	777.01	725
1	90	40.00	10.00	6.00	4.00	1	4	-1	9.00	150.00	348.00	220.00	5.00	-1759	0	1701	1709		1117.00	596.00	1027.00	672.00	1132.01	796.36	684
1	91	50.00	10.00	6.00	4.00	1	4	-1	54.00	168.00	279.00	230.00	5.00	-1617	0	1634	1642		1110.00	589.00	1034.00	679.00	1076.28	714.70	617
1	92	40.00	10.00	6.00	4.00	2	2	-1	81.00	140.00	288.00	196.00	5.00	-1626	0	1817	1826		1117.00	484.00	1027.00	408.00	1059.28	369.78	800
1	93	50.00	10.00	6.00	4.00	2	1	1	50.00	131.00	313.00	200.00	5.00	-1642	0	1734	1742		810.00	491.00	886.00	401.00	830.27	353.94	717
1	94	40.00	10.00	6.00	4.00	2	1	1	40.00	170.00	360.00	254.00	10.00	-1634	0	1817	1825		691.00	390.00	781.00	314.00	744.74	271.07	800
1	95	50.00	10.00	6.00	4.00	1	2	-1	42.00	130.00	344.00	185.00	5.00	-1651	0	1742	1751		1110.00	491.00	1034.00	401.00	1081.42	360.96	725
1	96	50.00	10.00	6.00	4.00	1	3	1	34.00	109.00	310.00	219.00	10.00	-1651	0	1726	1734		698.00	683.00	774.00	773.00	741.86	800.14	709
1	97	40.00	10.00	6.00	4.00	1	1	-1	40.00	151.00	314.00	204.00	5.00	-1626	0	1667	1675		803.00	484.00	893.00	408.00	857.18	365.58	650
1	98	50.00	10.00	6.00	4.00	2	2	1	5.00	130.00	354.00	264.00	20.00	-1776	0	1917	1926		1446.00	209.00	1370.00	119.00	1384.08	107.11	900
1	99	40.00	10.00	6.00	4.00	1	1	1	40.00	105.00	311.00	206.00	10.00	-1767	0	1859	1867		691.00	390.00	781.00	314.00	772.61	304.07	842
