1	1	40.00	10.00	6.00	4.00	1	4	-1	30.00	162.00	311.00	220.00	6.00	-1809	0	2383	2392		1139.00	615.00	1049.00	691.00	1036.88	676.64	1367
1	2	40.00	10.00	6.00	4.00	2	2	-1	84.00	140.00	305.00	234.00	6.00	-1817	0	2501	2509		1139.00	465.00	1049.00	389.00	1102.92	325.14	1484
1	3	40.00	10.00	6.00	4.00	2	4	1	9.00	96.00	300.00	220.00	18.00	-1801	0	1917	1926		1408.00	840.00	1318.00	916.00	1342.46	944.97	900
1	4	40.00	10.00	6.00	4.00	1	1	1	40.00	133.00	339.00	246.00	6.00	-1659	0	1842	1851		781.00	465.00	871.00	389.00	827.39	337.35	825
1	5	40.00	10.00	6.00	4.00	2	1	-1	40.00	105.00	278.00	221.00	6.00	-1726	0	1726	1734		781.00	465.00	871.00	389.00	830.27	340.77	709
1	6	40.00	10.00	6.00	4.00	1	3	1	39.00	149.00	320.00	222.00	6.00	-1626	0	1734	1742		781.00	615.00	871.00	691.00	865.83	697.13	717
1	7	40.00	10.00	6.00	4.00	2	2	1	35.00	140.00	296.00	202.00	18.00	-1634	0	2001	2009		1408.00	240.00	1318.00	164.00	1340.19	137.72	984
1	8	40.00	10.00	6.00	4.00	1	1	-1	40.00	123.00	348.00	204.00	6.00	-1676	0	1726	1734		781.00	465.00	871.00	389.00	825.47	335.08	709
1	9	40.00	10.00	6.00	4.00	2	3	1	73.00	90.00	320.00	228.00	18.00	-1742	0	1842	1851		512.00	840.00	602.00	916.00	570.81	952.93	825
1	10	40.00	10.00	6.00	4.00	2	1	1	40.00	179.00	306.00	255.00	6.00	-1626	0	1734	1742		781.00	465.00	871.00	389.00	796.64	300.94	717
1	11	40.00	10.00	6.00	4.00	1	4	1	38.00	93.00	281.00	220.00	18.00	-1717	0	1892	1901		1408.00	840.00	1318.00	916.00	1352.07	956.35	875
1	12	40.00	10.00	6.00	4.00	1	3	1	8.00	112.00	320.00	250.00	18.00	-1634	0	1801	1809		512.00	840.00	602.00	916.00	594.83	924.49	784
1	13	40.00	10.00	6.00	4.00	2	1	1	40.00	116.00	326.00	253.00	18.00	-1626	0	1801	1809		512.00	240.00	602.00	164.00	626.55	193.07	784
1	14	40.00	10.00	6.00	4.00	1	2	-1	88.00	140.00	323.00	207.00	18.00	-1634	0	1792	1801		1408.00	240.00	1318.00	164.00	1296.46	189.51	775
1	15	40.00	10.00	6.00	4.00	1	1	-1	40.00	121.00	330.00	253.00	18.00	-1717	0	1734	1742		512.00	240.00	602.00	164.00	626.55	193.07	717
1	16	40.00	10.00	6.00	4.00	2	3	-1	6.00	154.00	320.00	222.00	6.00	-1776	0	1717	1725		781.00	615.00	871.00	691.00	794.71	781.34	700
1	17	40.00	10.00	6.00	4.00	1	4	1	25.00	94.00	358.00	220.00	6.00	-1684	0	1767	1776		1139.00	615.00	1049.00	691.00	1085.89	734.68	750
1	18	40.00	10.00	6.00	4.00	1	1	1	40.00	165.00	355.00	206.00	18.00	-1676	0	1817	1826		512.00	240.00	602.00	164.00	594.83	155.51	800
1	19	40.00	10.00	6.00	4.00	1	2	1	26.00	140.00	272.00	184.00	6.00	-1817	0	1709	1717		1139.00	465.00	1049.00	389.00	1088.30	342.46	692
1	20	40.00	10.00	6.00	4.00	2	4	-1	62.00	140.00	334.00	220.00	18.00	-1784	0	1951	1959		1408.00	840.00	1318.00	916.00	1363.60	970.00	934
1	21	40.00	10.00	6.00	4.00	1	2	-1	78.00	140.00	348.00	254.00	6.00	-1709	0	1959	1967		1139.00	465.00	1049.00	389.00	1062.81	372.65	942
1	22	40.00	10.00	6.00	4.00	2	2	1	31.00	140.00	325.00	252.00	6.00	-1659	0	1867	1876		1139.00	465.00	1049.00	389.00	1074.09	359.29	850
1	23	40.00	10.00	6.00	4.00	2	2	-1	40.00	140.00	288.00	236.00	18.00	-1784	0	1909	1917		1408.00	240.00	1318.00	164.00	1308.39	175.38	892
1	24	40.00	10.00	6.00	4.00	2	1	-1	40.00	110.00	321.00	206.00	18.00	-1726	0	1900	1909		512.00	240.00	602.00	164.00	582.34	140.72	884
1	25	40.00	10.00	6.00	4.00	1	2	1	86.00	140.00	286.00	241.00	18.00	-1659	0	1909	1917		1408.00	240.00	1318.00	164.00	1343.67	133.60	892
1	26	40.00	10.00	6.00	4.00	1	4	-1	30.00	111.00	335.00	220.00	18.00	-1817	0	1934	1942		1408.00	840.00	1318.00	916.00	1346.31	949.52	917
1	27	40.00	10.00	6.00	4.00	1	3	-1	83.00	103.00	320.00	185.00	18.00	-1692	0	1784	1792		512.00	840.00	602.00	916.00	574.65	948.38	767
1	28	40.00	10.00	6.00	4.00	2	4	1	78.00	140.00	335.00	220.00	6.00	-1626	0	1834	1842		1139.00	615.00	1049.00	691.00	1108.95	761.99	817
1	29	40.00	10.00	6.00	4.00	2	3	-1	30.00	164.00	320.00	190.00	18.00	-1817	0	1859	1867		512.00	840.00	602.00	916.00	582.34	939.28	842
1	30	40.00	10.00	6.00	4.00	1	3	-1	23.00	124.00	320.00	229.00	6.00	-1676	0	1792	1801		781.00	615.00	871.00	691.00	847.57	718.75	775
1	31	40.00	10.00	6.00	4.00	2	3	1	3.00	102.00	320.00	187.00	6.00	-1767	0	1742	1751		781.00	615.00	871.00	691.00	835.08	733.54	725
1	32	40.00	10.00	6.00	4.00	2	4	-1	25.00	112.00	325.00	220.00	6.00	-1667	0	1759	1767		1139.00	615.00	1049.00	691.00	1099.34	750.61	742
