1	1	40.00	10.00	6.00	4.00	1	3	1	39.00	108.00	320.00	183.00	16.00	-1809	0	2300	2309		557.00	803.00	647.00	879.00	640.00	887.29	1284
1	2	40.00	10.00	6.00	4.00	1	4	1	72.00	112.00	308.00	220.00	14.00	-1709	0	1801	1809		1319.00	765.00	1229.00	841.00	1264.62	883.19	784
1	3	40.00	10.00	6.00	4.00	2	3	1	88.00	148.00	320.00	202.00	16.00	-1792	0	1926	1934		557.00	803.00	647.00	879.00	577.54	961.26	909
1	4	40.00	10.00	6.00	4.00	2	4	-1	42.00	162.00	356.00	220.00	14.00	-1651	0	2084	2092		1319.00	765.00	1229.00	841.00	1238.68	852.46	1067
1	5	40.00	10.00	6.00	4.00	2	3	1	45.00	174.00	320.00	215.00	14.00	-1701	0	1784	1792		601.00	765.00	691.00	841.00	644.80	895.70	767
1	6	40.00	10.00	6.00	4.00	2	2	-1	75.00	140.00	302.00	226.00	16.00	-1767	0	1842	1851		1363.00	277.00	1273.00	201.00	1302.12	166.52	825
1	7	40.00	10.00	6.00	4.00	2	2	-1	49.00	140.00	305.00	211.00	14.00	-1692	0	1767	1776		1319.00	315.00	1229.00	239.00	1321.01	130.04	750
1	8	40.00	10.00	6.00	4.00	2	3	-1	81.00	97.00	320.00	218.00	14.00	-1717	0	1900	1909		601.00	765.00	691.00	841.00	640.96	900.26	884
1	9	40.00	10.00	6.00	4.00	2	1	1	40.00	169.00	327.00	252.00	14.00	-1642	0	1901	1909		601.00	315.00	691.00	239.00	644.80	184.30	884
1	10	40.00	10.00	6.00	4.00	2	1	-1	40.00	98.00	304.00	237.00	16.00	-1801	0	2051	2059		557.00	277.00	647.00	201.00	596.76	141.50	1034
1	11	40.00	10.00	6.00	4.00	1	2	-1	50.00	140.00	289.00	191.00	14.00	-1784	0	1801	1809		1319.00	315.00	1229.00	239.00	1293.68	162.41	784
1	12	40.00	10.00	6.00	4.00	1	2	1	66.00	140.00	339.00	257.00	14.00	-1751	0	1825	1834		1319.00	315.00	1229.00	239.00	1224.40	244.45	809
1	13	40.00	10.00	6.00	4.00	1	4	1	26.00	170.00	305.00	220.00	16.00	-1734	0	1884	1892		1363.00	803.00	1273.00	879.00	1316.52	930.53	867
1	14	40.00	10.00	6.00	4.00	1	1	1	40.00	173.00	275.00	183.00	16.00	-1659	0	1842	1851		557.00	277.00	647.00	201.00	614.05	161.99	825
1	15	40.00	10.00	6.00	4.00	2	4	1	62.00	139.00	299.00	220.00	16.00	-1701	0	1809	1817		1363.00	803.00	1273.00	879.00	1332.85	949.88	792
1	16	40.00	10.00	6.00	4.00	1	3	1	77.00	176.00	320.00	182.00	14.00	-1734	0	1842	1851		601.00	765.00	691.00	841.00	600.60	948.05	825
1	17	40.00	10.00	6.00	4.00	1	1	1	40.00	129.00	344.00	204.00	14.00	-1767	0	1917	1926		601.00	315.00	691.00	239.00	643.84	183.16	900
1	18	40.00	10.00	6.00	4.00	2	4	-1	40.00	169.00	277.00	220.00	16.00	-1684	0	1942	1951		1363.00	803.00	1273.00	879.00	1352.07	972.64	925
1	19	40.00	10.00	6.00	4.00	2	3	-1	5.00	163.00	320.00	205.00	16.00	-1626	0	1951	1959		557.00	803.00	647.00	879.00	587.15	949.88	934
1	20	40.00	10.00	6.00	4.00	1	3	-1	3.00	139.00	320.00	261.00	14.00	-1692	0	1784	1792		601.00	765.00	691.00	841.00	642.88	897.98	767
1	21	40.00	10.00	6.00	4.00	2	1	1	40.00	136.00	358.00	241.00	16.00	-1751	0	1676	1684		557.00	277.00	647.00	201.00	614.05	161.99	659
1	22	40.00	10.00	6.00	4.00	2	2	1	43.00	140.00	314.00	196.00	14.00	-1809	0	1759	1767		1319.00	315.00	1229.00	239.00	1259.27	203.15	742
1	23	40.00	10.00	6.00	4.00	1	4	-1	74.00	126.00	315.00	220.00	16.00	-1801	0	1834	1842		1363.00	803.00	1273.00	879.00	1306.91	919.15	817
1	24	40.00	10.00	6.00	4.00	1	1	-1	40.00	153.00	337.00	263.00	14.00	-1759	0	1834	1842		601.00	315.00	691.00	239.00	639.04	177.47	817
1	25	40.00	10.00	6.00	4.00	1	1	-1	40.00	129.00	328.00	202.00	16.00	-1809	0	1767	1776		557.00	277.00	647.00	201.00	653.45	208.64	750
1	26	40.00	10.00	6.00	4.00	1	2	1	60.00	140.00	343.00	199.00	16.00	-1717	0	1859	1867		1363.00	277.00	1273.00	201.00	1289.07	181.97	842
1	27	40.00	10.00	6.00	4.00	1	2	-1	32.00	140.00	282.00	205.00	16.00	-1709	0	1776	1784		1363.00	277.00	1273.00	201.00	1345.12	115.59	759
1	28	40.00	10.00	6.00	4.00	1	3	-1	70.00	149.00	320.00	238.00	16.00	-1742	0	1826	1834		557.00	803.00	647.00	879.00	613.09	919.15	809
1	29	40.00	10.00	6.00	4.00	2	4	1	13.00	179.00	342.00	220.00	14.00	-1742	0	1867	1876		1319.00	765.00	1229.00	841.00	1288.65	911.64	850
1	30	40.00	10.00	6.00	4.00	2	1	-1	40.00	146.00	341.00	270.00	14.00	-1667	0	1817	1826		601.00	315.00	691.00	239.00	678.44	224.12	800
1	31	40.00	10.00	6.00	4.00	1	4	-1	23.00	107.00	273.00	220.00	14.00	-1751	0	1834	1842		1319.00	765.00	1229.00	841.00	1279.04	900.26	817
1	32	40.00	10.00	6.00	4.00	2	2	1	80.00	140.00	329.00	268.00	16.00	-1684	0	1767	1775		1363.00	277.00	1273.00	201.00	1299.70	169.38	750
