1	1	50.00	10.00	6.00	4.00	2	1	-1	50.00	137.00	354.00	263.00	6.00	-1734	0	1833	1842		788.00	472.00	864.00	382.00	781.26	312.13	817
1	2	50.00	10.00	6.00	4.00	1	1	1	50.00	156.00	294.00	202.00	6.00	-1759	0	1709	1717		788.00	472.00	864.00	382.00	816.82	342.16	692
1	3	50.00	10.00	6.00	4.00	2	1	1	50.00	178.00	294.00	237.00	16.00	-1651	0	1817	1826		564.00	284.00	640.00	194.00	587.15	149.37	800
1	4	50.00	10.00	6.00	4.00	1	2	1	46.00	130.00	353.00	202.00	16.00	-1717	0	1817	1826		1356.00	284.00	1280.00	194.00	1281.92	192.38	800
1	5	50.00	10.00	6.00	4.00	1	3	1	52.00	96.00	310.00	190.00	6.00	-1759	0	1792	1801		788.00	608.00	864.00	698.00	805.29	747.58	775
1	6	50.00	10.00	6.00	4.00	1	1	-1	50.00	135.00	354.00	200.00	6.00	-1651	0	1709	1717		788.00	472.00	864.00	382.00	810.09	336.48	692
1	7	50.00	10.00	6.00	4.00	2	1	-1	50.00	103.00	338.00	205.00	16.00	-1817	0	1792	1801		564.00	284.00	640.00	194.00	646.73	199.68	775
1	8	50.00	10.00	6.00	4.00	2	2	-1	38.00	130.00	295.00	206.00	6.00	-1642	0	1709	1717		1132.00	472.00	1056.00	382.00	1146.63	305.47	692
1	9	50.00	10.00	6.00	4.00	2	3	-1	32.00	104.00	310.00	256.00	16.00	-1634	0	1926	1934		564.00	796.00	640.00	886.00	586.19	931.44	909
1	10	50.00	10.00	6.00	4.00	2	2	-1	29.00	130.00	317.00	224.00	16.00	-1626	0	2017	2026		1356.00	284.00	1280.00	194.00	1312.18	166.82	1000
1	11	50.00	10.00	6.00	4.00	1	2	1	31.00	130.00	333.00	202.00	6.00	-1634	0	1934	1942		1132.00	472.00	1056.00	382.00	1080.76	361.09	917
1	12	50.00	10.00	6.00	4.00	1	3	-1	75.00	113.00	310.00	199.00	16.00	-1751	0	1917	1926		564.00	796.00	640.00	886.00	576.58	939.56	900
1	13	50.00	10.00	6.00	4.00	1	4	-1	63.00	159.00	322.00	230.00	16.00	-1667	0	2001	2009		1356.00	796.00	1280.00	886.00	1318.44	918.46	984
1	14	50.00	10.00	6.00	4.00	1	1	1	50.00	104.00	344.00	230.00	16.00	-1667	0	1692	1700		564.00	284.00	640.00	194.00	599.64	159.92	675
1	15	50.00	10.00	6.00	4.00	2	3	1	47.00	136.00	310.00	214.00	6.00	-1767	0	1776	1784		788.00	608.00	864.00	698.00	738.98	803.57	759
1	16	50.00	10.00	6.00	4.00	1	2	-1	13.00	130.00	280.00	241.00	16.00	-1726	0	1809	1817		1356.00	284.00	1280.00	194.00	1341.35	142.19	792
1	17	50.00	10.00	6.00	4.00	1	2	-1	53.00	130.00	356.00	195.00	6.00	-1676	0	1951	1959		1132.00	472.00	1056.00	382.00	1086.25	356.45	934
1	18	50.00	10.00	6.00	4.00	1	3	1	5.00	149.00	310.00	233.00	16.00	-1701	0	2234	2242		564.00	796.00	640.00	886.00	613.09	908.72	1217
1	19	50.00	10.00	6.00	4.00	1	4	1	10.00	141.00	279.00	230.00	16.00	-1801	0	1992	2001		1356.00	796.00	1280.00	886.00	1282.88	888.43	975
1	20	50.00	10.00	6.00	4.00	2	4	1	54.00	155.00	335.00	230.00	16.00	-1701	0	1942	1951		1356.00	796.00	1280.00	886.00	1320.36	920.08	925
1	21	50.00	10.00	6.00	4.00	2	2	1	17.00	130.00	322.00	186.00	16.00	-1651	0	1959	1967		1356.00	284.00	1280.00	194.00	1292.92	183.09	942
1	22	50.00	10.00	6.00	4.00	1	1	-1	50.00	147.00	300.00	252.00	16.00	-1651	0	1926	1934		564.00	284.00	640.00	194.00	621.74	178.58	909
1	23	50.00	10.00	6.00	4.00	2	2	1	35.00	130.00	280.00	235.00	6.00	-1684	0	1784	1792		1132.00	472.00	1056.00	382.00	1101.62	343.48	767
1	24	50.00	10.00	6.00	4.00	1	4	1	78.00	107.00	293.00	230.00	6.00	-1742	0	1717	1726		1132.00	608.00	1056.00	698.00	1134.89	764.62	700
1	25	50.00	10.00	6.00	4.00	2	4	-1	52.00	147.00	275.00	230.00	6.00	-1692	0	1767	1776		1132.00	608.00	1056.00	698.00	1117.60	750.02	750
1	26	50.00	10.00	6.00	4.00	2	3	-1	26.00	130.00	310.00	185.00	6.00	-1692	0	1742	1750		788.00	608.00	864.00	698.00	783.18	766.25	725
1	27	50.00	10.00	6.00	4.00	1	3	-1	43.00	135.00	310.00	203.00	6.00	-1659	0	1850	1859		788.00	608.00	864.00	698.00	828.35	728.11	834
1	28	50.00	10.00	6.00	4.00	2	3	1	81.00	164.00	310.00	196.00	16.00	-1792	0	1876	1884		564.00	796.00	640.00	886.00	611.17	910.34	859
1	29	50.00	10.00	6.00	4.00	2	4	-1	82.00	173.00	299.00	230.00	16.00	-1759	0	1826	1834		1356.00	796.00	1280.00	886.00	1346.31	941.99	809
1	30	50.00	10.00	6.00	4.00	1	4	-1	70.00	148.00	321.00	230.00	6.00	-1709	0	1909	1917		1132.00	608.00	1056.00	698.00	1229.07	844.15	892
1	31	50.00	10.00	6.00	4.00	2	1	1	50.00	117.00	303.00	216.00	6.00	-1717	0	1734	1742		788.00	472.00	864.00	382.00	711.11	252.89	717
1	32	50.00	10.00	6.00	4.00	2	4	1	41.00	177.00	321.00	230.00	6.00	-1767	0	1826	1834		1132.00	608.00	1056.00	698.00	1172.37	796.27	809
